,name,github_id,category,npm_id,github_url,homepage,license,created_at,updated_at,last_commit_pushed_at,fork_count,open_issue_count,closed_issue_count,star_count,commit_count,latest_stable_release_published_at,latest_stable_release_number,release_count,description,dependent_project_count,github_dependent_project_count,contributor_count,projectrank,npm_url,npm_latest_release_published_at,npm_dependent_project_count,npm_monthly_downloads,monthly_downloads,show,projectrank_placing,labels,trending,demo_url,github_release_downloads,updated_github_id,pypi_id,pypi_url,pypi_latest_release_published_at,pypi_dependent_project_count,pypi_monthly_downloads
0,jest,facebook/jest,testing,jest,https://github.com/facebook/jest,https://github.com/facebook/jest,MIT,2013-12-10 00:18:04.000,2021-08-09 08:32:11.000,2021-07-13 07:29:32.000,5174,1513.0,4961.0,36074,5521.0,2021-06-28 17:08:31.000,27.0.6,281.0,Delightful JavaScript Testing.,4089987.0,3549329.0,1322,42,https://www.npmjs.com/package/jest,2021-06-28 17:06:18.626,540658.0,52524605.0,52524605.0,True,1,,,,,,,,,,
1,axios,axios/axios,utils,axios,https://github.com/axios/axios,https://github.com/axios/axios,MIT,2014-08-18 22:30:27.000,2021-08-09 08:29:32.000,2021-05-27 05:44:43.000,8515,273.0,2911.0,86758,1005.0,2021-01-04 15:04:38.000,0.21.1,46.0,Promise based HTTP client for the browser and node.js.,5281703.0,4732815.0,279,41,https://www.npmjs.com/package/axios,2020-12-22 04:20:06.101,548888.0,75858001.0,75858001.0,True,1,,,,,,,,,,
2,Ant Design,ant-design/ant-design,ui-frameworks,antd,https://github.com/ant-design/ant-design,https://github.com/ant-design/ant-design,MIT,2015-04-24 15:37:24.000,2021-08-12 17:54:38.000,2021-08-12 02:54:17.000,29484,687.0,21121.0,73730,20969.0,2021-08-08 12:51:37.000,4.16.11,604.0,An enterprise-class UI design language and React UI library.,264609.0,237407.0,1660,41,https://www.npmjs.com/package/antd,2021-08-08 12:51:13.585,27202.0,3188040.0,3188040.0,True,1,['ant-design'],,,,,,,,,
3,Material-UI,mui-org/material-ui,ui-frameworks,@material-ui/core,https://github.com/mui-org/material-ui,https://github.com/mui-org/material-ui,MIT,2014-08-18 19:11:54.000,2021-08-12 18:05:25.000,2021-08-12 14:53:24.000,23332,566.0,13038.0,70248,12116.0,2021-07-30 10:07:38.000,4.12.3,159.0,"Material-UI is a simple and customizable component library to build faster, beautiful, and more accessible React..",30147.0,635.0,2488,41,https://www.npmjs.com/package/@material-ui/core,2021-08-09 04:03:12.366,29512.0,9185055.0,9185055.0,True,1,['material-ui'],,,,,,,,,
4,lodash,lodash/lodash,utils,lodash,https://github.com/lodash/lodash,https://github.com/lodash/lodash,MIT,2012-04-07 04:11:46.000,2021-08-11 04:19:00.000,2021-04-23 17:25:37.000,5837,255.0,3809.0,50352,8005.0,2021-02-20 15:42:16.891,4.17.21,114.0,"A modern JavaScript utility library delivering modularity, performance, & extras.",13598259.0,11615793.0,327,41,https://www.npmjs.com/package/lodash,2021-02-20 15:42:16.891,1982466.0,171692130.0,171692130.0,True,1,,-1.0,,,,,,,,
5,Next.js,vercel/next.js,cms-frameworks,next,https://github.com/vercel/next.js,https://github.com/vercel/next.js,MIT,2016-10-05 23:32:51.000,2021-08-12 18:13:30.000,2021-08-12 17:55:41.000,13830,1156.0,9124.0,71537,8577.0,2021-08-11 16:01:43.160,11.1.0,1219.0,The React Framework.,15686.0,254.0,1797,40,https://www.npmjs.com/package/next,2021-08-11 17:21:39.009,15432.0,6848873.0,6848873.0,True,1,,,https://nextjs.org/showcase,,,,,,,
6,Storybook,storybookjs/storybook,dev-tools,@storybook/react,https://github.com/storybookjs/storybook,https://github.com/storybookjs/storybook,MIT,2016-03-18 04:23:44.000,2021-08-12 17:29:15.000,2021-08-12 14:12:33.000,6374,1311.0,6653.0,63969,33498.0,2021-08-09 17:42:22.000,6.3.7,892.0,"The UI component explorer. Develop, document, & test React, Vue, Angular, Web Components, Ember, Svelte & more!.",27367.0,12789.0,1564,40,https://www.npmjs.com/package/@storybook/react,2021-08-10 14:16:31.733,14578.0,9092462.0,9092462.0,True,1,,,,,,,,,,
7,Gatsby,gatsbyjs/gatsby,cms-frameworks,gatsby,https://github.com/gatsbyjs/gatsby,https://github.com/gatsbyjs/gatsby,MIT,2015-05-21 22:43:05.000,2021-08-12 18:00:15.000,2021-08-12 17:31:46.000,9720,442.0,12679.0,51042,18899.0,2021-08-04 18:14:09.000,gatsby@3.11.0,2261.0,"Build blazing fast, modern apps and websites with React.",386088.0,361728.0,4061,40,https://www.npmjs.com/package/gatsby,2021-08-12 17:57:28.268,24360.0,1604991.0,1604991.0,True,1,,-1.0,https://www.gatsbyjs.com/showcase/,,,,,,,
8,Webpack,webpack/webpack,dev-tools,webpack,https://github.com/webpack/webpack,https://github.com/webpack/webpack,MIT,2012-03-10 10:08:14.000,2021-08-12 02:02:33.000,2021-08-10 18:31:48.000,7677,285.0,8226.0,59009,,2021-08-10 18:32:20.000,5.50.0,765.0,A bundler for javascript and friends. Packs many modules into a few bundled assets. Code Splitting allows for loading..,8609098.0,7321434.0,769,39,https://www.npmjs.com/package/webpack,2021-08-10 18:32:10.097,1287664.0,69423702.0,69423702.0,True,1,,,,,,,,,,
9,cypress,cypress-io/cypress,testing,cypress,https://github.com/cypress-io/cypress,https://github.com/cypress-io/cypress,MIT,2015-03-04 00:46:28.000,2021-08-12 17:48:42.000,2021-08-09 22:09:30.000,1905,1585.0,6894.0,32601,15778.0,2021-08-04 19:24:07.000,8.2.0,141.0,"Fast, easy and reliable testing for anything that runs in a browser.",258806.0,250800.0,291,39,https://www.npmjs.com/package/cypress,2021-08-04 18:59:32.493,8006.0,10597104.0,10597104.0,True,2,,,,,,,,,,
10,Bootstrap React,react-bootstrap/react-bootstrap,ui-frameworks,react-bootstrap,https://github.com/react-bootstrap/react-bootstrap,https://github.com/react-bootstrap/react-bootstrap,MIT,2013-12-27 19:06:07.000,2021-08-12 00:08:33.000,2021-08-11 16:10:25.000,3137,149.0,2990.0,19765,4159.0,2021-06-04 00:04:42.000,1.6.1,172.0,Bootstrap components built with React.,583616.0,524774.0,446,39,https://www.npmjs.com/package/react-bootstrap,2021-07-20 00:16:22.891,58842.0,3690848.0,3691440.0,True,1,"['bootstrap""']",,,50347.0,,,,,,
11,winston,winstonjs/winston,utils,winston,https://github.com/winstonjs/winston,https://github.com/winstonjs/winston,MIT,2010-12-29 18:49:51.000,2021-08-03 17:25:01.000,2020-08-29 06:01:13.000,1489,358.0,896.0,17629,1356.0,2020-06-23 22:31:38.000,3.3.3,83.0,A logger for just about everything.,518916.0,399934.0,344,39,https://www.npmjs.com/package/winston,2020-06-23 22:31:24.942,118982.0,25915892.0,25915892.0,True,2,,,,,,,,,,
12,Tailewind CSS,tailwindlabs/tailwindcss,styling,tailwindcss,https://github.com/tailwindlabs/tailwindcss,https://github.com/tailwindlabs/tailwindcss,MIT,2017-10-06 14:59:14.000,2021-08-10 12:47:52.000,2021-08-10 12:47:49.000,2113,101.0,1584.0,45570,4050.0,2021-08-10 12:46:18.000,2.2.7,195.0,A utility-first CSS framework for rapid UI development.,278720.0,273332.0,191,38,https://www.npmjs.com/package/tailwindcss,2021-07-23 11:49:51.462,5388.0,3824571.0,3824571.0,True,1,,,,,,,,,,
13,enzyme,enzymejs/enzyme,testing,enzyme,https://github.com/enzymejs/enzyme,https://github.com/enzymejs/enzyme,MIT,2015-11-10 21:45:38.000,2021-08-11 20:15:18.000,2021-06-15 18:14:30.000,2082,281.0,1478.0,19661,1961.0,2019-12-20 00:08:40.725,3.11.0,54.0,JavaScript Testing utilities for React.,493820.0,390950.0,396,38,https://www.npmjs.com/package/enzyme,2019-12-20 00:08:40.725,102870.0,9773710.0,9773710.0,True,3,,,,,,,,,,
14,bulma,jgthms/bulma,ui-frameworks,bulma,https://github.com/jgthms/bulma,https://github.com/jgthms/bulma,MIT,2016-01-23 23:48:34.000,2021-08-12 16:45:32.000,2021-08-12 16:40:36.000,3768,321.0,2148.0,44052,1632.0,2021-06-18 17:45:30.000,0.9.3,59.0,Modern CSS framework based on Flexbox.,182582.0,161838.0,372,37,https://www.npmjs.com/package/bulma,2021-06-18 17:42:02.342,20744.0,957727.0,969325.0,True,2,,,,533511.0,,,,,,
15,Styled Components,styled-components/styled-components,styling,styled-components,https://github.com/styled-components/styled-components,https://github.com/styled-components/styled-components,MIT,2016-08-16 06:41:32.000,2021-08-10 16:49:01.000,2021-08-10 16:49:00.000,2107,266.0,2376.0,34414,,2021-05-05 02:17:54.000,5.3.0,287.0,Visual primitives for the component age. Use the best bits of ES6 and CSS to style your apps without stress.,792387.0,738075.0,315,36,https://www.npmjs.com/package/styled-components,2021-05-05 02:17:02.605,54312.0,11822287.0,11822287.0,True,2,,,,,,,,,,
16,preact,preactjs/preact,others,preact,https://github.com/preactjs/preact,https://github.com/preactjs/preact,MIT,2015-09-11 02:40:18.000,2021-08-12 11:14:40.000,2021-08-12 11:14:39.000,1643,228.0,1266.0,29646,4894.0,2021-07-01 16:57:57.000,10.5.14,182.0,Fast 3kB React alternative with the same modern API. Components & Virtual DOM.,62818.0,51296.0,282,36,https://www.npmjs.com/package/preact,2021-07-01 16:55:57.821,11522.0,3104147.0,3104147.0,True,1,,,,,,,,,,
17,react-hook-form,react-hook-form/react-hook-form,others,react-hook-form,https://github.com/react-hook-form/react-hook-form,https://github.com/react-hook-form/react-hook-form,MIT,2019-03-05 23:47:10.000,2021-08-12 02:10:11.000,2021-08-12 02:10:11.000,1031,12.0,2496.0,22494,2781.0,2021-07-30 23:44:13.796,7.12.2,857.0,React Hooks for forms validation (Web + React Native).,76725.0,76471.0,169,36,https://www.npmjs.com/package/react-hook-form,2021-08-09 08:05:03.990,254.0,4033580.0,4033580.0,True,1,,,,,,,,,,
18,react-virtualized,bvaughn/react-virtualized,data-tables,react-virtualized,https://github.com/bvaughn/react-virtualized,https://github.com/bvaughn/react-virtualized,MIT,2015-11-03 00:48:07.000,2021-08-09 09:29:06.000,2021-05-17 21:35:30.000,2759,405.0,705.0,22244,1984.0,2020-12-18 22:18:53.000,9.22.3,294.0,React components for efficiently rendering large lists and tabular data.,39910.0,34454.0,214,36,https://www.npmjs.com/package/react-virtualized,2018-06-01 16:00:52.806,5456.0,3326288.0,3326288.0,True,1,,,https://bvaughn.github.io/react-virtualized/#/components/List,,,,,,,
19,Draft JS,facebook/draft-js,editors,draft-js,https://github.com/facebook/draft-js,https://github.com/facebook/draft-js,MIT,2016-02-19 20:18:26.000,2021-08-11 11:56:33.000,2021-07-26 17:55:35.000,2408,891.0,949.0,20652,1122.0,2020-08-17 16:40:16.000,0.11.7,32.0,A React framework for building text editors.,110883.0,92465.0,308,36,https://www.npmjs.com/package/draft-js,2020-08-17 16:36:23.849,18418.0,2942911.0,2942911.0,True,1,,,,,,,,,,
20,Recharts,recharts/recharts,data-viz,recharts,https://github.com/recharts/recharts,https://github.com/recharts/recharts,MIT,2015-08-07 06:50:27.000,2021-08-12 18:10:08.000,2021-08-10 14:04:08.000,1282,227.0,1967.0,16809,1858.0,2021-08-10 03:25:56.267,2.1.0,180.0,Redefined chart library built with React and D3.,60038.0,53034.0,217,36,https://www.npmjs.com/package/recharts,2021-08-10 03:25:56.267,7004.0,2685097.0,2685097.0,True,1,,,http://recharts.org/en-US/examples,,,,,,,
21,react-table,tannerlinsley/react-table,data-tables,react-table,https://github.com/tannerlinsley/react-table,https://github.com/tannerlinsley/react-table,MIT,2016-10-20 17:25:08.000,2021-08-12 11:35:21.000,2021-06-09 14:08:15.000,2005,180.0,1762.0,14753,1390.0,2021-04-25 22:58:23.000,7.7.0,216.0,Hooks for building fast and extendable tables and datagrids for React.,39807.0,36267.0,266,36,https://www.npmjs.com/package/react-table,2021-04-25 22:58:20.146,3540.0,3021314.0,3021314.0,True,1,,,,,,,,,,
22,sweetalert2,sweetalert2/sweetalert2,other-components,sweetalert2,https://github.com/sweetalert2/sweetalert2,https://github.com/sweetalert2/sweetalert2,MIT,2015-01-03 16:15:52.000,2021-08-09 07:15:13.000,2021-08-09 07:15:10.000,1360,10.0,1412.0,13299,2605.0,2021-08-03 18:03:38.000,11.1.2,583.0,"A beautiful, responsive, highly customizable and accessible (WAI-ARIA) replacement for JavaScript's popup boxes. Zero..",113801.0,106909.0,114,36,https://www.npmjs.com/package/sweetalert2,2021-08-03 18:03:14.111,6892.0,1324253.0,1327633.0,True,1,,,,50704.0,,,,,,
23,Semantic UI React,Semantic-Org/Semantic-UI-React,ui-frameworks,semantic-ui-react,https://github.com/Semantic-Org/Semantic-UI-React,https://github.com/Semantic-Org/Semantic-UI-React,MIT,2015-06-19 16:47:19.000,2021-08-09 10:54:49.000,2021-08-09 10:54:49.000,3638,147.0,2281.0,12391,3073.0,2021-01-25 15:14:00.000,2.0.3,148.0,The official Semantic-UI-React integration.,141779.0,124849.0,312,36,https://www.npmjs.com/package/semantic-ui-react,2021-01-20 19:57:11.349,16930.0,971954.0,971954.0,True,2,,,https://react.semantic-ui.com/elements/button/,,,,,,,
24,react-slick,akiran/react-slick,other-components,react-slick,https://github.com/akiran/react-slick,https://github.com/akiran/react-slick,MIT,2014-11-16 05:14:39.000,2021-07-31 07:05:00.000,2021-03-08 05:01:23.000,1880,393.0,1151.0,9756,1209.0,2021-03-08 05:01:08.649,0.28.1,114.0,React carousel component.,153068.0,134674.0,148,36,https://www.npmjs.com/package/react-slick,2021-03-08 05:01:08.649,18394.0,3197388.0,3197388.0,True,1,,,,,,,,,,
25,React Dropzone,react-dropzone/react-dropzone,file-handling,react-dropzone,https://github.com/react-dropzone/react-dropzone,https://github.com/react-dropzone/react-dropzone,MIT,2014-09-27 11:57:09.000,2021-08-12 12:56:43.000,2021-06-25 04:12:04.000,703,14.0,648.0,8378,551.0,2021-06-25 04:04:03.000,11.3.4,147.0,Simple HTML5 drag-drop zone with React.js.,82229.0,71913.0,163,36,https://www.npmjs.com/package/react-dropzone,2021-06-25 04:04:00.853,10316.0,5990903.0,5990903.0,True,1,,,https://react-dropzone.js.org/#section-basic-example,,,,,,,
26,log4js-node,log4js-node/log4js-node,utils,log4js,https://github.com/log4js-node/log4js-node,https://github.com/log4js-node/log4js-node,Apache-2.0,2010-01-17 00:57:58.000,2021-07-14 13:06:30.000,2020-05-25 03:14:20.000,734,117.0,620.0,5071,1541.0,2020-05-24 23:01:08.195,6.3.0,134.0,A port of log4js to node.js.,1331495.0,1153525.0,159,36,https://www.npmjs.com/package/log4js,2020-05-24 23:01:08.195,177970.0,11046057.0,11046057.0,False,3,,,,,,,,,,
27,loglevel,pimterry/loglevel,utils,loglevel,https://github.com/pimterry/loglevel,https://github.com/pimterry/loglevel,MIT,2013-03-23 20:35:58.000,2021-06-16 12:15:38.000,2021-05-07 10:58:47.000,157,16.0,102.0,2057,286.0,2020-11-25 14:19:46.171,1.7.1,26.0,"Minimal lightweight logging for JavaScript, adding reliable log level methods to wrap any available console.log methods.",5533906.0,4954602.0,29,36,https://www.npmjs.com/package/loglevel,2020-11-25 14:19:46.171,579304.0,42710063.0,42710063.0,True,3,,,,,,,,,,
28,Electron,electron/electron,desktop-apps,electron,https://github.com/electron/electron,https://github.com/electron/electron,MIT,2013-04-12 01:47:36.000,2021-08-12 17:30:23.828,,12564,1218.0,,96183,,2021-08-10 02:16:12.809,13.1.9,577.0,"Build cross-platform desktop apps with JavaScript, HTML, and CSS.",46992.0,,647,35,https://www.npmjs.com/package/electron,2021-08-12 17:30:23.828,46992.0,1941361.0,1941361.0,True,1,,,,,,,,,,
29,esbuild,evanw/esbuild,dev-tools,esbuild,https://github.com/evanw/esbuild,https://github.com/evanw/esbuild,MIT,2016-06-14 16:08:50.000,2021-08-10 12:51:40.000,2021-08-10 12:50:16.000,611,196.0,1113.0,26458,2439.0,2021-08-07 21:29:04.000,0.12.19,271.0,An extremely fast JavaScript bundler and minifier.,58849.0,58849.0,58,35,https://www.npmjs.com/package/esbuild,2021-08-07 21:28:40.925,0.0,3883804.0,3883804.0,True,2,,1.0,,,,,,,,
30,react-use,streamich/react-use,others,react-use,https://github.com/streamich/react-use,https://github.com/streamich/react-use,Unlicense,2018-10-27 10:16:05.000,2021-08-12 13:00:51.000,2021-05-14 11:29:10.000,1790,379.0,204.0,24502,2748.0,2021-04-23 14:17:08.000,17.2.4,260.0,React Hooks.,15284.0,14776.0,177,35,https://www.npmjs.com/package/react-use,2021-04-23 14:17:04.023,508.0,2103225.0,2103225.0,True,2,,,,,,,,,,
31,react-beautiful-dnd,atlassian/react-beautiful-dnd,other-components,react-beautiful-dnd,https://github.com/atlassian/react-beautiful-dnd,https://github.com/atlassian/react-beautiful-dnd,Apache-2.0,2017-08-09 03:37:15.000,2021-08-12 12:15:10.000,2021-06-17 02:58:48.000,1808,448.0,985.0,24489,785.0,2021-03-21 23:46:09.000,13.1.0,93.0,Beautiful and accessible drag and drop for lists with React.,30540.0,28556.0,123,35,https://www.npmjs.com/package/react-beautiful-dnd,2021-03-21 23:24:40.308,1984.0,3760658.0,3760658.0,True,2,,,,,,,,,,
32,react-query,tannerlinsley/react-query,data-fetching,react-query,https://github.com/tannerlinsley/react-query,https://github.com/tannerlinsley/react-query,MIT,2019-09-10 19:23:58.000,2021-08-12 11:03:30.000,2021-08-12 11:03:30.000,1040,31.0,701.0,21957,1313.0,2021-08-12 07:55:27.000,3.19.6,378.0,"Hooks for fetching, caching and updating asynchronous data in React.",19537.0,19527.0,328,35,https://www.npmjs.com/package/react-query,2021-08-12 07:55:23.507,10.0,2421554.0,2421554.0,True,1,,,,,,,,,,
33,localForage,localForage/localForage,state-management,localforage,https://github.com/localForage/localForage,https://github.com/localForage/localForage,Apache-2.0,2013-10-31 00:10:06.000,2021-04-07 03:28:45.000,2020-07-31 18:35:14.000,1110,203.0,485.0,19334,1118.0,2020-08-01 10:10:21.654,1.9.0,61.0,"Offline storage, improved. Wraps IndexedDB, WebSQL, or localStorage using a simple but powerful API.",205566.0,177106.0,110,35,https://www.npmjs.com/package/localforage,2020-08-01 10:10:21.654,28460.0,4590556.0,4590778.0,False,1,,,,19811.0,,,,,,
34,React Admin,marmelab/react-admin,admin-dashboards,react-admin,https://github.com/marmelab/react-admin,https://github.com/marmelab/react-admin,MIT,2016-07-13 07:58:54.000,2021-08-12 12:45:29.000,2021-08-12 07:26:28.000,3818,143.0,3090.0,17564,10604.0,2021-08-02 10:47:43.000,3.17.1,177.0,"A frontend Framework for building B2B applications running in the browser on top of REST/GraphQL APIs, using ES6,..",7316.0,6820.0,478,35,https://www.npmjs.com/package/react-admin,2021-08-02 10:46:40.571,496.0,172356.0,172356.0,True,1,['material-ui'],,https://marmelab.com/react-admin-demo/,,,,,,,
35,umi,umijs/umi,cms-frameworks,umi,https://github.com/umijs/umi,https://github.com/umijs/umi,MIT,2017-11-22 10:09:36.000,2021-08-12 08:57:16.000,2021-08-12 08:57:14.000,1768,224.0,4070.0,11002,4479.0,2021-08-11 05:28:45.000,3.5.17,512.0,Pluggable enterprise-level react application framework.,21087.0,19873.0,312,35,https://www.npmjs.com/package/umi,2021-08-11 04:05:19.351,1214.0,114449.0,114449.0,True,3,,,,,,,,,,
36,i18next,i18next/i18next,utils,i18next,https://github.com/i18next/i18next,https://github.com/i18next/i18next,MIT,2011-12-16 12:37:42.000,2021-08-10 09:16:12.564,2021-08-10 09:15:49.000,544,3.0,1080.0,5753,1660.0,2021-07-25 09:41:44.630,20.3.5,318.0,i18next: learn once - translate everywhere.,68367.0,58977.0,200,35,https://www.npmjs.com/package/i18next,2021-08-10 09:16:12.564,9390.0,7134541.0,7134541.0,True,3,,,,,,,,,,
37,lerna,lerna/lerna,dev-tools,lerna,https://github.com/lerna/lerna,https://github.com/lerna/lerna,MIT,2015-12-04 09:36:55.000,2021-08-03 19:28:13.000,2021-06-02 22:46:25.000,1879,654.0,1468.0,29415,,2021-02-10 22:42:55.000,4.0.0,184.0,A tool for managing JavaScript projects with multiple packages.,118096.0,89934.0,271,34,https://www.npmjs.com/package/lerna,2021-02-10 22:42:31.218,28162.0,4797521.0,4797521.0,True,2,,-1.0,,,,,,,,
38,SheetJS,SheetJS/sheetjs,file-handling,xlsx,https://github.com/SheetJS/sheetjs,https://github.com/SheetJS/sheetjs,Apache-2.0,2012-12-03 19:25:52.000,2021-08-11 09:08:04.000,2021-08-11 09:05:36.000,6914,514.0,1545.0,26964,502.0,2021-05-13 19:13:41.651,0.17.0,160.0,SheetJS Community Edition -- Spreadsheet Data Toolkit.,10749.0,1991.0,132,34,https://www.npmjs.com/package/xlsx,2021-05-13 19:13:41.651,8758.0,5139503.0,5139503.0,True,2,,,,,,,,,,
39,react-testing-library,testing-library/react-testing-library,testing,react-testing-library,https://github.com/testing-library/react-testing-library,https://github.com/testing-library/react-testing-library,MIT,2018-03-19 13:39:49.000,2021-07-24 13:02:07.000,2021-07-15 01:45:28.000,846,17.0,509.0,14990,,2021-06-23 06:36:03.000,12.0.0,100.0,Simple and complete React DOM testing utilities that encourage good testing practices.,2688171.0,2683539.0,161,34,https://www.npmjs.com/package/react-testing-library,2019-05-30 18:10:43.138,4632.0,381642.0,381642.0,True,3,,,,,,,,,,
40,tinymce,tinymce/tinymce,editors,tinymce,https://github.com/tinymce/tinymce,https://github.com/tinymce/tinymce,LGPL-2.1,2010-01-11 14:46:42.000,2021-08-12 14:01:02.000,2021-08-12 01:44:30.000,1814,757.0,4617.0,9683,24460.0,2021-06-23 06:52:34.480,5.8.2,136.0,"The world's #1 JavaScript library for rich text editing. Available for React, Vue and Angular.",3377.0,369.0,296,34,https://www.npmjs.com/package/tinymce,2021-06-23 06:52:34.480,3008.0,952487.0,952487.0,False,1,,,,,,,,,,
41,swr,vercel/swr,data-fetching,swr,https://github.com/vercel/swr,https://github.com/vercel/swr,MIT,2019-10-28 18:16:01.000,2021-08-12 16:52:09.000,2021-08-11 16:32:55.000,630,75.0,383.0,18278,398.0,2021-05-03 16:57:23.630,0.5.6,82.0,React Hooks for remote data fetching.,29287.0,29261.0,111,33,https://www.npmjs.com/package/swr,2021-07-27 12:35:49.528,26.0,1443686.0,1443686.0,True,2,,,,,,,,,,
42,Handsontable,handsontable/handsontable,data-tables,handsontable,https://github.com/handsontable/handsontable,https://github.com/handsontable/handsontable,ICU,2011-05-23 22:38:58.000,2021-08-12 14:31:45.000,2021-07-28 10:23:21.000,2617,757.0,6189.0,15527,7155.0,2021-07-28 10:31:46.000,9.0.2,100.0,"JavaScript data grid with a spreadsheet look & feel. Works for React, Angular, and Vue. Supported by the Handsontable..",4541.0,3817.0,119,33,https://www.npmjs.com/package/handsontable,2021-07-28 10:27:18.095,724.0,462053.0,462053.0,False,2,,,https://handsontable.com/examples,,,,,,,
43,nivo,plouc/nivo,data-viz,@nivo/core,https://github.com/plouc/nivo,https://github.com/plouc/nivo,MIT,2016-04-16 03:27:56.000,2021-08-11 04:01:42.000,2021-08-10 21:05:15.000,714,89.0,1023.0,9066,1464.0,2021-07-14 23:58:35.000,0.73.1,57.0,"nivo provides a rich set of dataviz components, built on top of the awesome d3 and Reactjs libraries.",1462.0,1160.0,152,33,https://www.npmjs.com/package/@nivo/core,2021-07-14 20:37:35.672,302.0,904894.0,904894.0,True,1,,1.0,https://nivo.rocks/components/,,,,,,,
44,ag-Grid,ag-grid/ag-grid,data-tables,ag-grid-community,https://github.com/ag-grid/ag-grid,https://github.com/ag-grid/ag-grid,MIT,2014-12-23 16:20:14.000,2021-08-12 14:34:40.000,2021-08-12 14:34:38.000,1311,35.0,4092.0,7427,21404.0,2021-06-14 15:11:55.000,25.3.0,100.0,The best JavaScript Data Table for building Enterprise Applications. Supports React / Angular / Vue / Plain JavaScript.,1515.0,869.0,120,33,https://www.npmjs.com/package/ag-grid-community,2021-05-27 07:29:42.415,646.0,1053293.0,1053293.0,True,2,,,,,,,,,,
45,React-Toastify,fkhadra/react-toastify,notifications,react-toastify,https://github.com/fkhadra/react-toastify,https://github.com/fkhadra/react-toastify,MIT,2016-11-08 12:32:52.000,2021-08-12 10:22:53.000,2021-04-23 12:34:23.000,381,26.0,423.0,7115,1039.0,2021-04-23 12:38:06.000,7.0.4,116.0,React notification made easy !.,110980.0,105044.0,69,33,https://www.npmjs.com/package/react-toastify,2021-04-23 12:37:40.399,5936.0,2798305.0,2798305.0,True,1,,,https://fkhadra.github.io/react-toastify/introduction/,,,,,,,
46,React Chartjs 2,reactchartjs/react-chartjs-2,data-viz,react-chartjs-2,https://github.com/reactchartjs/react-chartjs-2,https://github.com/reactchartjs/react-chartjs-2,MIT,2016-05-06 22:01:08.000,2021-07-20 11:05:44.000,2021-07-20 11:05:44.000,798,174.0,392.0,4274,284.0,2021-07-20 10:59:16.182,3.0.4,69.0,"React wrapper for Chart.js 2.0 and 3.0, the most popular charting library.",94237.0,87513.0,62,33,https://www.npmjs.com/package/react-chartjs-2,2021-07-20 10:59:16.182,6724.0,1612049.0,1612049.0,True,1,,,https://reactchartjs.github.io/react-chartjs-2/,,,,,,,
47,material-table,mbrn/material-table,data-tables,material-table,https://github.com/mbrn/material-table,https://github.com/mbrn/material-table,MIT,2018-08-06 13:15:08.000,2021-08-07 12:13:29.000,2021-04-21 11:22:33.000,955,146.0,2249.0,3089,1576.0,2021-04-21 11:24:11.402,1.69.3,187.0,Datatable for React based on material-ui's table with additional features.,16278.0,15750.0,198,33,https://www.npmjs.com/package/material-table,2021-04-21 11:24:11.402,528.0,565554.0,565554.0,True,2,['material-ui'],,,,,,,,,
48,Semantic-UI,Semantic-Org/Semantic-UI,ui-frameworks,semantic-ui,https://github.com/Semantic-Org/Semantic-UI,https://github.com/Semantic-Org/Semantic-UI,MIT,2013-04-08 23:32:04.000,2021-04-18 15:16:46.000,2018-10-21 20:59:02.000,5131,1045.0,5230.0,49479,6684.0,2018-10-21 21:03:55.194,2.4.2,100.0,Semantic is a UI component framework based around useful principles from natural language.,17179.0,12807.0,225,32,https://www.npmjs.com/package/semantic-ui,2018-10-21 21:03:55.194,4372.0,36029.0,36074.0,False,2,,,,4033.0,,,,,,
49,Slate,ianstormtaylor/slate,editors,slate,https://github.com/ianstormtaylor/slate,https://github.com/ianstormtaylor/slate,MIT,2016-06-18 01:52:42.000,2021-08-12 16:42:37.000,2021-08-12 14:04:14.000,2349,446.0,2212.0,21908,,2021-08-10 17:16:13.000,slate@0.65.3,539.0,A completely customizable framework for building rich text editors. (Currently in beta.).,68375.0,61377.0,424,32,https://www.npmjs.com/package/slate,2021-04-01 02:10:51.453,6998.0,786230.0,786230.0,True,1,,,https://www.slatejs.org/examples/richtext,,,,,,,
50,Blueprint,palantir/blueprint,ui-frameworks,@blueprintjs/core,https://github.com/palantir/blueprint,https://github.com/palantir/blueprint,Apache-2.0,2016-10-25 21:17:50.000,2021-08-12 04:08:47.000,2021-08-12 04:08:46.000,1897,615.0,1892.0,18045,,2021-07-15 17:20:56.472,3.47.0,149.0,A React-based UI toolkit for the web.,11709.0,9631.0,284,32,https://www.npmjs.com/package/@blueprintjs/core,2021-04-13 17:30:43.042,2078.0,618537.0,618537.0,True,2,,,https://blueprintjs.com/docs/,,,,,,,
51,emotion,emotion-js/emotion,styling,@emotion/react,https://github.com/emotion-js/emotion,https://github.com/emotion-js/emotion,MIT,2017-05-27 04:23:45.000,2021-08-10 13:27:37.000,2021-08-08 09:37:48.000,859,141.0,1193.0,13448,,2021-08-08 09:40:42.000,@emotion/sheet@1.0.2,100.0,CSS-in-JS library designed for high performance style composition.,20841.0,20841.0,261,32,https://www.npmjs.com/package/@emotion/react,2021-08-08 09:40:38.740,0.0,4803528.0,4803528.0,True,3,,,,,,,,,,
52,zustand,pmndrs/zustand,state-management,zustand,https://github.com/pmndrs/zustand,https://github.com/pmndrs/zustand,MIT,2019-04-09 09:10:06.000,2021-07-30 12:48:33.000,2021-07-23 22:02:16.000,257,31.0,227.0,10095,512.0,2021-07-13 23:49:05.000,3.5.7,59.0,Bear necessities for state management in React.,5229.0,5209.0,72,32,https://www.npmjs.com/package/zustand,2021-06-09 00:28:50.157,20.0,472298.0,472298.0,True,2,,1.0,,,,,,,,
53,Grommet,grommet/grommet,ui-frameworks,grommet,https://github.com/grommet/grommet,https://github.com/grommet/grommet,Apache-2.0,2015-03-24 08:54:10.000,2021-08-12 17:49:01.000,2021-08-11 19:39:15.000,901,207.0,2471.0,7418,5950.0,2021-07-27 20:13:10.000,2.17.4,134.0,"a react-based framework that provides accessibility, modularity, responsiveness, and theming in a tidy package.",8020.0,6788.0,302,32,https://www.npmjs.com/package/grommet,2021-07-27 20:10:32.885,1232.0,100513.0,100542.0,True,2,,,https://v2.grommet.io/components,1887.0,,,,,,
54,react-json-view,mac-s-g/react-json-view,file-handling,react-json-view,https://github.com/mac-s-g/react-json-view,https://github.com/mac-s-g/react-json-view,MIT,2017-03-26 06:01:36.000,2021-08-12 09:42:33.000,2021-03-09 03:27:31.000,292,108.0,89.0,2173,732.0,2021-03-09 03:08:46.252,1.21.3,111.0,JSON viewer for react.,19164.0,18170.0,33,32,https://www.npmjs.com/package/react-json-view,2021-03-09 03:08:46.252,994.0,1080930.0,1080930.0,True,2,,,https://mac-s-g.github.io/react-json-view/demo/dist/,,,,,,,
55,editor.js,codex-team/editor.js,editors,@editorjs/editorjs,https://github.com/codex-team/editor.js,https://github.com/codex-team/editor.js,Apache-2.0,2015-11-28 20:56:35.000,2021-08-10 22:32:39.000,2021-08-07 11:17:31.000,1219,393.0,597.0,16081,523.0,2021-07-21 19:19:41.654,2.22.2,39.0,A block-styled editor with clean JSON output.,2180.0,2106.0,36,31,https://www.npmjs.com/package/@editorjs/editorjs,2021-07-21 19:19:41.654,74.0,65573.0,65602.0,True,2,,,,1618.0,,,,,,
56,sql.js,sql-js/sql.js,others,sql.js,https://github.com/sql-js/sql.js,https://github.com/sql-js/sql.js,MIT,2012-02-27 03:05:49.000,2021-08-12 13:06:18.000,2021-08-12 12:57:29.000,883,96.0,256.0,9070,476.0,2021-08-12 13:01:09.859,1.6.1,32.0,A javascript library to run SQLite on the web.,4008.0,3210.0,41,31,https://www.npmjs.com/package/sql.js,2021-08-12 13:01:09.859,798.0,241764.0,242360.0,True,2,,,,12528.0,,,,,,
57,Victory,FormidableLabs/victory,data-viz,victory,https://github.com/FormidableLabs/victory,https://github.com/FormidableLabs/victory,MIT,2015-07-02 22:36:50.000,2021-08-11 21:31:18.000,2021-08-04 20:20:37.000,446,160.0,1242.0,9016,,2021-08-04 16:13:51.054,35.10.0,205.0,A collection of composable React components for building interactive data visualizations.,11136.0,9764.0,234,31,https://www.npmjs.com/package/victory,2021-08-04 16:13:51.054,1372.0,581798.0,581798.0,True,2,,,https://formidable.com/open-source/victory/gallery/,,,,,,,
58,baseweb,uber/baseweb,ui-frameworks,baseui,https://github.com/uber/baseweb,https://github.com/uber/baseweb,MIT,2018-03-09 01:32:10.000,2021-08-11 11:01:21.000,2021-08-10 20:57:31.000,591,115.0,721.0,6653,2860.0,2021-07-26 23:46:16.140,10.0.0,570.0,A React Component library implementing the Base design language.,2140.0,2096.0,205,31,https://www.npmjs.com/package/baseui,2021-07-26 23:46:16.140,44.0,133639.0,133639.0,True,2,,,,,,,,,,
59,redux-toolkit,reduxjs/redux-toolkit,state-management,redux-toolkit,https://github.com/reduxjs/redux-toolkit,https://github.com/reduxjs/redux-toolkit,MIT,2018-03-03 21:21:53.000,2021-08-11 06:50:14.000,2021-08-11 06:50:14.000,454,71.0,723.0,6064,1038.0,2021-07-17 23:47:39.000,1.6.1,59.0,"The official, opinionated, batteries-included toolset for efficient Redux development.",94512.0,94508.0,157,31,https://www.npmjs.com/package/redux-toolkit,2015-10-21 03:50:29.233,4.0,6584.0,6584.0,True,3,,,,,,,,,,
60,React Suite,rsuite/rsuite,ui-frameworks,rsuite,https://github.com/rsuite/rsuite,https://github.com/rsuite/rsuite,MIT,2016-06-06 02:27:46.000,2021-08-12 12:04:10.000,2021-08-12 09:45:00.000,593,153.0,437.0,5767,1641.0,2021-06-03 06:32:49.982,4.10.2,227.0,A suite of React components .,4041.0,3909.0,55,31,https://www.npmjs.com/package/rsuite,2021-08-08 14:52:09.412,132.0,99628.0,99628.0,True,2,,,https://rsuitejs.com/components/overview/,,,,,,,
61,react-draft-wysiwyg,jpuri/react-draft-wysiwyg,editors,react-draft-wysiwyg,https://github.com/jpuri/react-draft-wysiwyg,https://github.com/jpuri/react-draft-wysiwyg,MIT,2016-09-04 18:33:34.000,2021-08-11 01:53:21.000,2021-05-05 01:18:14.000,942,547.0,359.0,5204,826.0,2021-05-05 01:18:31.148,1.14.7,130.0,A Wysiwyg editor build on top of ReactJS and DraftJS. https://jpuri.github.io/react-draft-wysiwyg.,16129.0,14557.0,83,31,https://www.npmjs.com/package/react-draft-wysiwyg,2021-05-05 01:18:31.148,1572.0,782876.0,782876.0,True,2,,,,,,,,,,
62,react-quill,zenoamaro/react-quill,editors,react-quill,https://github.com/zenoamaro/react-quill,https://github.com/zenoamaro/react-quill,MIT,2014-11-07 12:25:40.000,2021-08-12 05:16:58.000,2020-11-12 19:24:58.000,639,188.0,404.0,4508,414.0,2020-03-29 19:25:46.394,1.3.5,46.0,A Quill component for React.,17292.0,15738.0,51,31,https://www.npmjs.com/package/react-quill,2020-03-29 18:18:10.355,1554.0,821578.0,821580.0,True,2,,1.0,,179.0,,,,,,
63,React Ace,securingsincity/react-ace,editors,react-ace,https://github.com/securingsincity/react-ace,https://github.com/securingsincity/react-ace,MIT,2014-11-29 05:15:14.000,2021-08-12 01:03:28.000,2021-07-31 20:43:42.000,530,123.0,284.0,3186,853.0,2021-07-31 20:44:51.577,9.4.3,94.0,React Ace Component.,16599.0,13019.0,116,31,https://www.npmjs.com/package/react-ace,2021-07-31 20:44:51.577,3580.0,1293828.0,1293840.0,True,2,,,https://securingsincity.github.io/react-ace/,903.0,,,,,,
64,Notistack,iamhosseindhv/notistack,notifications,notistack,https://github.com/iamhosseindhv/notistack,https://github.com/iamhosseindhv/notistack,MIT,2018-08-04 21:05:47.000,2021-08-11 08:17:17.000,2021-07-25 21:20:18.000,226,19.0,263.0,2222,477.0,2021-07-26 09:10:56.280,1.0.10,85.0,Highly customizable notification snackbars (toasts) that can be stacked on top of each other.,12169.0,11663.0,44,31,https://www.npmjs.com/package/notistack,2021-04-25 20:04:12.907,506.0,1422234.0,1422234.0,True,3,['material-ui'],,https://iamhosseindhv.com/notistack/demos,,,,,,,
65,primereact,primefaces/primereact,ui-frameworks,primereact,https://github.com/primefaces/primereact,https://github.com/primefaces/primereact,MIT,2016-12-16 15:56:27.000,2021-08-12 14:46:41.000,2021-08-12 14:46:37.000,469,195.0,1746.0,2163,4816.0,2021-07-16 13:39:38.000,6.5.0,88.0,The Most Complete React UI Component Library.,6250.0,5922.0,113,31,https://www.npmjs.com/package/primereact,2021-07-16 13:39:10.400,328.0,141682.0,141682.0,True,2,,,,,,,,,,
66,uppy,transloadit/uppy,file-handling,uppy,https://github.com/transloadit/uppy,https://github.com/transloadit/uppy,MIT,2015-11-16 12:32:33.000,2021-08-12 17:42:50.000,2021-08-12 13:28:23.000,1565,133.0,1389.0,24349,,2021-07-29 15:16:03.028,1.31.0,140.0,The next open source file uploader for web browsers.,1462.0,1346.0,300,30,https://www.npmjs.com/package/uppy,2021-08-02 21:47:10.695,116.0,61436.0,61436.0,True,2,,-4.0,,,,,,,,
67,blitz,blitz-js/blitz,cms-frameworks,blitz,https://github.com/blitz-js/blitz,https://github.com/blitz-js/blitz,MIT,2020-02-17 21:54:15.000,2021-08-12 14:40:34.000,2021-08-11 15:22:49.000,493,155.0,784.0,8748,212.0,2021-07-21 22:38:18.000,0.38.6,305.0,The Fullstack React Framework built on Next.js.,1032.0,1026.0,235,30,https://www.npmjs.com/package/blitz,2021-07-31 13:35:12.581,6.0,14100.0,14100.0,True,3,,,,,,,,,,
68,Rebass,rebassjs/rebass,ui-frameworks,rebass,https://github.com/rebassjs/rebass,https://github.com/rebassjs/rebass,MIT,2015-02-11 14:48:09.000,2021-08-11 11:06:15.000,2021-08-03 19:54:17.000,604,74.0,429.0,7419,2024.0,2019-10-28 19:08:45.057,4.0.7,109.0,React primitive UI components built with styled-system.,11495.0,10007.0,58,30,https://www.npmjs.com/package/rebass,2019-10-28 19:08:45.057,1488.0,289677.0,289677.0,True,3,,,https://codesandbox.io/s/github/rebassjs/rebass/tree/master/examples/sandbox,,,,,,,
69,BizCharts,alibaba/BizCharts,data-viz,bizcharts,https://github.com/alibaba/BizCharts,https://github.com/alibaba/BizCharts,MIT,2017-11-10 08:27:54.000,2021-07-20 08:06:54.000,2021-07-13 06:11:40.000,635,263.0,973.0,5667,962.0,2021-07-06 07:56:25.000,4.1.11,216.0,Powerful data visualization library based on G2 and React.,12423.0,11191.0,78,30,https://www.npmjs.com/package/bizcharts,2021-07-06 07:39:27.956,1232.0,111005.0,111005.0,True,2,,,,,,,,,,
70,react-monaco-editor,react-monaco-editor/react-monaco-editor,editors,react-monaco-editor,https://github.com/react-monaco-editor/react-monaco-editor,https://github.com/react-monaco-editor/react-monaco-editor,MIT,2016-09-05 07:11:05.000,2021-08-01 05:02:16.000,2021-08-01 05:02:15.000,276,22.0,228.0,2341,383.0,2021-07-27 06:57:28.859,0.44.0,70.0,Monaco Editor for React.,10143.0,9547.0,62,30,https://www.npmjs.com/package/react-monaco-editor,2021-07-27 06:57:28.859,596.0,290348.0,290348.0,True,2,,,,,,,,,,
71,MUI-Datatables,gregnb/mui-datatables,data-tables,mui-datatables,https://github.com/gregnb/mui-datatables,https://github.com/gregnb/mui-datatables,MIT,2017-11-04 19:49:44.000,2021-07-13 20:55:59.000,2021-04-03 07:24:59.000,752,487.0,779.0,2092,925.0,2021-04-03 07:27:55.000,3.7.7,143.0,Datatables for React using Material-UI - https://www.material-ui-datatables.com.,5527.0,5273.0,129,30,https://www.npmjs.com/package/mui-datatables,2021-04-03 07:27:06.513,254.0,203756.0,203756.0,True,2,['material-ui'],,,,,,,,,
72,react-avatar-editor,mosch/react-avatar-editor,other-components,react-avatar-editor,https://github.com/mosch/react-avatar-editor,https://github.com/mosch/react-avatar-editor,MIT,2014-12-12 01:22:23.000,2021-07-23 09:01:09.370,2021-07-23 09:00:39.000,327,3.0,208.0,1802,527.0,2021-07-23 09:01:09.370,12.0.0,67.0,Small avatar & profile picture component. Resize and crop uploaded images using a intuitive user interface.,4452.0,4038.0,61,30,https://www.npmjs.com/package/react-avatar-editor,2021-07-23 09:01:09.370,414.0,320489.0,320489.0,True,2,,,,,,,,,,
73,docz,pedronauck/docz,dev-tools,docz,https://github.com/doczjs/docz,https://github.com/doczjs/docz,MIT,2018-03-17 04:24:10.000,2021-08-05 16:37:37.000,2021-08-02 20:06:40.000,1327,83.0,1104.0,21581,,2020-04-05 08:58:58.000,2.3.1,273.0,It has never been so easy to document your things!.,6879.0,5507.0,128,29,https://www.npmjs.com/package/docz,2020-04-07 10:55:25.773,1372.0,139491.0,139491.0,True,2,,,,,doczjs/docz,,,,,
74,visx,airbnb/visx,data-viz,@visx/group,https://github.com/airbnb/visx,https://github.com/airbnb/visx,MIT,2017-03-15 16:25:41.000,2021-08-12 00:13:26.000,2021-08-12 00:10:48.000,517,95.0,485.0,13938,2966.0,2021-07-20 19:56:36.189,1.17.1,76.0,visx | visualization components.,69.0,69.0,119,29,https://www.npmjs.com/package/@visx/group,2021-08-10 07:12:40.063,0.0,271647.0,271647.0,True,2,,,https://airbnb.io/visx/gallery,,,,,,,
75,fluentui,microsoft/fluentui,ui-frameworks,@fluentui/react,https://github.com/microsoft/fluentui,https://github.com/microsoft/fluentui,MIT,2016-06-06 15:03:44.000,2021-08-12 16:41:37.000,2021-08-12 14:59:34.000,1959,964.0,7238.0,11887,11624.0,2021-08-12 07:36:22.000,@fluentui/azure-themes_v8.1.54,372.0,"Fluent UI web represents a collection of utilities, React components, and web components for building web applications.",4.0,4.0,688,29,https://www.npmjs.com/package/@fluentui/react,2021-08-12 07:33:37.723,0.0,236135.0,236135.0,True,3,,,,,,,,,,
76,Evergreen,segmentio/evergreen,ui-frameworks,evergreen-ui,https://github.com/segmentio/evergreen,https://github.com/segmentio/evergreen,MIT,2017-07-30 10:03:14.000,2021-08-11 23:17:35.000,2021-08-11 00:03:09.000,685,24.0,353.0,10977,769.0,2021-08-11 00:07:33.000,6.4.0,213.0,Evergreen React UI Framework by Segment.,2604.0,2454.0,111,29,https://www.npmjs.com/package/evergreen-ui,2021-08-11 00:04:47.803,150.0,40337.0,40337.0,True,3,,,,,,,,,,
77,React-Move,sghall/react-move,animations,react-move,https://github.com/sghall/react-move,https://github.com/sghall/react-move,MIT,2017-03-20 15:38:13.000,2021-06-28 18:46:30.000,2021-06-13 06:33:28.000,202,1.0,39.0,6341,524.0,2021-06-13 05:41:59.344,6.5.0,60.0,"React Move | Beautiful, data-driven animations for React.",4511.0,3865.0,13,29,https://www.npmjs.com/package/react-move,2021-06-13 05:41:59.344,646.0,422555.0,422555.0,True,1,,,https://react-move-docs.netlify.app/#/demos/node-group,,,,,,,
78,ncc,vercel/ncc,dev-tools,@vercel/ncc,https://github.com/vercel/ncc,https://github.com/vercel/ncc,MIT,2018-11-13 04:00:21.000,2021-08-11 21:57:33.000,2021-08-11 21:57:33.000,180,136.0,273.0,5793,,2021-07-16 21:57:47.000,0.29.0,66.0,"Compile a Node.js project into a single file. Supports TypeScript, binary addons, dynamic requires.",6144.0,6144.0,42,29,https://www.npmjs.com/package/@vercel/ncc,2021-07-16 21:57:33.922,0.0,502479.0,502479.0,True,2,,,,,,,,,,
79,twin.macro,ben-rogerson/twin.macro,styling,twin.macro,https://github.com/ben-rogerson/twin.macro,https://github.com/ben-rogerson/twin.macro,MIT,2020-02-19 04:45:25.000,2021-08-11 00:32:19.000,2021-08-07 02:28:29.000,95,8.0,209.0,4481,707.0,2021-07-08 08:06:58.000,2.6.2,58.0,"Twin blends the magic of Tailwind with the flexibility of css-in-js (emotion, styled-components, stitches and goober)..",3830.0,3830.0,33,29,https://www.npmjs.com/package/twin.macro,2021-07-08 08:05:15.809,0.0,146743.0,146743.0,True,3,,1.0,,,,,,,,
80,theme-ui,system-ui/theme-ui,ui-frameworks,theme-ui,https://github.com/system-ui/theme-ui,https://github.com/system-ui/theme-ui,MIT,2019-04-03 22:10:49.000,2021-08-12 00:57:44.000,2021-08-12 00:57:43.000,498,83.0,496.0,3877,,2021-06-19 16:42:38.000,0.10.0,283.0,"Build consistent, themeable React apps based on constraint-based design principles.",14318.0,13656.0,131,29,https://www.npmjs.com/package/theme-ui,2021-05-19 08:13:11.218,662.0,496552.0,496552.0,True,3,,,,,,,,,,
81,react-copy-to-clipboard,nkbt/react-copy-to-clipboard,other-components,react-copy-to-clipboard,https://github.com/nkbt/react-copy-to-clipboard,https://github.com/nkbt/react-copy-to-clipboard,MIT,2015-07-04 09:10:02.000,2021-08-10 22:47:32.000,2021-01-12 23:38:42.000,106,15.0,68.0,1792,495.0,2021-01-12 23:41:45.000,5.0.3,27.0,Copy-to-clipboard React component.,54147.0,48231.0,17,29,https://www.npmjs.com/package/react-copy-to-clipboard,2021-01-12 23:38:39.178,5916.0,2820708.0,2820708.0,True,2,,,,,,,,,,
82,React Data Table,jbetancur/react-data-table-component,data-tables,react-data-table-component,https://github.com/jbetancur/react-data-table-component,https://github.com/jbetancur/react-data-table-component,Apache-2.0,2018-03-16 04:31:39.000,2021-08-12 12:29:04.000,2021-06-29 23:37:43.000,223,40.0,505.0,1107,787.0,2021-02-23 03:50:10.930,6.11.7,153.0,"A responsive table library with built-in sorting, pagination, selection, expandable rows, and customizable styling.",4850.0,4762.0,41,29,https://www.npmjs.com/package/react-data-table-component,2021-06-29 23:40:06.114,88.0,162325.0,162325.0,True,2,,,https://jbetancur.github.io/react-data-table-component/,,,,,,,
83,react-csv,react-csv/react-csv,file-handling,react-csv,https://github.com/react-csv/react-csv,https://github.com/react-csv/react-csv,MIT,2016-11-25 12:55:39.000,2021-07-20 14:58:36.000,2020-07-09 05:32:23.000,220,111.0,120.0,798,164.0,2020-04-01 19:55:11.000,2.0.3,30.0,React components to build CSV files on the fly basing on Array/literal object of data.,7549.0,7027.0,27,29,https://www.npmjs.com/package/react-csv,2020-04-01 16:36:39.880,522.0,852476.0,852476.0,False,3,,,,,,,,,,
84,Ant Design Pro,ant-design/ant-design-pro,admin-dashboards,,https://github.com/ant-design/ant-design-pro,https://github.com/ant-design/ant-design-pro,MIT,2017-08-25 10:40:44.000,2021-08-11 05:47:07.000,2021-08-11 05:38:34.000,6889,87.0,7404.0,29852,2338.0,2021-07-02 02:42:28.000,5.0.0,23.0,Use Ant Design like a Pro!.,2237.0,2237.0,289,28,,,,,,True,2,['ant-design'],,https://preview.pro.ant.design/,,,,,,,
85,chakra-ui,chakra-ui/chakra-ui,ui-frameworks,chakra-ui,https://github.com/chakra-ui/chakra-ui,https://github.com/chakra-ui/chakra-ui,MIT,2019-08-17 14:27:54.000,2021-08-12 16:42:24.000,2021-08-12 16:42:24.000,1627,122.0,1906.0,19875,,2021-08-09 10:27:36.000,@chakra-ui/styled-system@1.12.2,100.0,"Simple, Modular & Accessible UI Components for your React Applications.",11865.0,11863.0,438,28,https://www.npmjs.com/package/chakra-ui,2019-04-27 08:34:34.655,2.0,1599.0,1599.0,True,3,,,,,,,,,,
86,relay,facebook/relay,data-fetching,relay,https://github.com/facebook/relay,https://github.com/facebook/relay,MIT,2015-08-10 22:09:16.000,2021-08-12 15:23:43.000,2021-08-12 15:12:54.000,1610,337.0,1495.0,15864,,2021-04-15 17:38:20.000,11.0.2,65.0,Relay is a JavaScript framework for building data-driven React applications.,4536.0,4458.0,592,28,https://www.npmjs.com/package/relay,2013-04-14 20:53:10.498,78.0,1080.0,1080.0,True,3,,-1.0,,,,,,,,
87,react-vis,uber/react-vis,data-viz,react-vis,https://github.com/uber/react-vis,https://github.com/uber/react-vis,MIT,2016-02-22 20:45:50.000,2021-08-11 04:07:09.000,2020-07-13 14:33:01.000,820,327.0,506.0,7945,876.0,2019-04-19 03:58:15.000,1.11.7,99.0,Data Visualization Components.,1048.0,,122,28,https://www.npmjs.com/package/react-vis,2017-04-22 00:52:57.632,1048.0,312197.0,312197.0,False,2,,,http://uber.github.io/react-vis/examples/showcases/,,,,,,,
88,react-data-grid,adazzle/react-data-grid,data-tables,react-data-grid,https://github.com/adazzle/react-data-grid,https://github.com/adazzle/react-data-grid,MIT,2015-03-06 10:15:04.000,2021-08-12 17:08:21.000,2021-08-12 12:45:27.000,1862,127.0,1134.0,4717,,2019-04-03 17:25:26.810,6.1.0,1003.0,"Excel-like grid component built with React, with editors, keyboard navigation, copy & paste, and the like.",5394.0,4512.0,124,28,https://www.npmjs.com/package/react-data-grid,2021-05-26 14:56:53.386,882.0,255174.0,255174.0,True,3,,,,,,,,,,
89,Reactive Search,appbaseio/reactivesearch,other-components,@appbaseio/reactivesearch,https://github.com/appbaseio/reactivesearch,https://github.com/appbaseio/reactivesearch,Apache-2.0,2017-02-15 15:21:24.000,2021-08-12 11:41:42.000,2021-08-12 10:20:15.000,448,169.0,877.0,4455,2378.0,2021-07-26 14:24:36.000,1.20.0-ue,282.0,Search UI components for React and Vue: powered by appbase.io / Elasticsearch.,302.0,118.0,61,28,https://www.npmjs.com/package/@appbaseio/reactivesearch,2021-07-26 13:44:58.854,184.0,28082.0,28082.0,True,2,,,https://opensource.appbase.io/reactivesearch/#examples,,,,,,,
90,react-sortable-tree,frontend-collective/react-sortable-tree,other-components,react-sortable-tree,https://github.com/frontend-collective/react-sortable-tree,https://github.com/frontend-collective/react-sortable-tree,MIT,2016-07-22 08:36:25.000,2021-08-03 20:06:48.000,2021-06-11 13:41:37.000,754,312.0,295.0,4208,553.0,2020-08-10 08:00:07.000,2.8.0,65.0,Drag-and-drop sortable component for nested data and hierarchies.,2871.0,2523.0,38,28,https://www.npmjs.com/package/react-sortable-tree,2020-08-10 07:56:50.631,348.0,389276.0,389276.0,True,2,,,https://frontend-collective.github.io/react-sortable-tree/?path=/story/basics--minimal-implementation,,,,,,,
91,polaris-react,Shopify/polaris-react,ui-frameworks,@shopify/polaris,https://github.com/Shopify/polaris-react,https://github.com/Shopify/polaris-react,MIT,2017-04-20 18:26:34.000,2021-08-12 18:20:54.000,2021-08-12 18:20:00.000,796,289.0,1647.0,4189,,2021-07-12 17:49:20.000,6.6.0,394.0,Shopifys admin product component library.,3235.0,2977.0,275,28,https://www.npmjs.com/package/@shopify/polaris,2021-08-11 19:55:04.718,258.0,262839.0,263536.0,True,3,,,,22319.0,,,,,,
92,Perspective,finos/perspective,data-tables,@finos/perspective,https://github.com/finos/perspective,https://github.com/finos/perspective,Apache-2.0,2017-11-02 16:27:54.000,2021-08-12 06:16:34.000,2021-08-12 06:11:37.000,386,75.0,366.0,3502,4604.0,2021-08-12 06:12:16.827,0.10.1,48.0,Streaming pivot visualization via WebAssembly.,216.0,202.0,64,28,https://www.npmjs.com/package/@finos/perspective,2021-08-12 06:12:16.827,6.0,6105.0,8451.0,True,3,,,https://perspective.finos.org/,,,perspective-python,https://pypi.org/project/perspective-python,2021-07-08 06:14:18.000,8.0,2346.0
93,eui,elastic/eui,ui-frameworks,@elastic/eui,https://github.com/elastic/eui,https://github.com/elastic/eui,ICU,2017-10-18 14:49:20.000,2021-08-12 17:17:54.000,2021-08-12 16:52:14.000,526,395.0,1839.0,2973,3735.0,2021-08-12 16:53:23.000,37.2.0,348.0,Elastic UI Framework.,131.0,63.0,194,28,https://www.npmjs.com/package/@elastic/eui,2021-08-12 16:36:35.149,68.0,67775.0,67857.0,False,3,,,,3362.0,,,,,,
94,react-rte,sstur/react-rte,editors,react-rte,https://github.com/sstur/react-rte,https://github.com/sstur/react-rte,ISC,2016-02-25 02:36:56.000,2021-07-21 17:20:19.000,2021-05-02 21:12:55.000,404,173.0,145.0,2578,314.0,2016-02-24 23:30:39.985,1.0.0,38.0,Pure React rich text WYSIWYG editor based on draft-js.,2805.0,2331.0,46,28,https://www.npmjs.com/package/react-rte,2016-02-24 23:30:39.985,474.0,126657.0,126657.0,True,2,,,,,,,,,,
95,Monaco React,suren-atoyan/monaco-react,editors,@monaco-editor/react,https://github.com/suren-atoyan/monaco-react,https://github.com/suren-atoyan/monaco-react,MIT,2019-06-16 07:46:31.000,2021-08-09 08:23:42.000,2021-08-07 08:26:25.000,97,35.0,171.0,1165,366.0,2021-08-09 08:23:42.000,4.2.2,86.0,Monaco Editor for React - use the monaco-editor in any React application without needing to use webpack (or..,2472.0,2450.0,25,28,https://www.npmjs.com/package/@monaco-editor/react,2021-08-09 08:22:03.167,22.0,289094.0,289094.0,True,2,,,https://monaco-react.surenatoyan.com/,,,,,,,
96,ant-design-charts,ant-design/ant-design-charts,data-viz,@ant-design/charts,https://github.com/ant-design/ant-design-charts,https://github.com/ant-design/ant-design-charts,MIT,2020-03-09 09:08:31.000,2021-08-12 10:53:38.000,2021-08-03 07:39:38.000,187,65.0,464.0,754,596.0,2021-08-03 07:40:16.000,1.2.5,81.0,A React Chart Library.,1361.0,1361.0,32,28,https://www.npmjs.com/package/@ant-design/charts,2021-08-03 07:37:57.469,0.0,135920.0,135920.0,True,2,['ant-design'],,,,,,,,,
97,Bit,teambit/bit,dev-tools,bit-bin,https://github.com/teambit/bit,https://github.com/teambit/bit,Apache-2.0,2017-01-22 14:51:43.000,2021-08-12 17:40:55.000,2021-08-12 16:28:02.000,735,124.0,1164.0,13839,8470.0,2020-07-13 09:59:04.000,14.8.8,757.0,"Build, distribute, and collaborate on components.",18.0,8.0,58,27,https://www.npmjs.com/package/bit-bin,2021-07-05 14:30:42.755,10.0,10932.0,11037.0,True,3,,,,5293.0,,,,,,
98,muuri,haltu/muuri,other-components,muuri,https://github.com/haltu/muuri,https://github.com/haltu/muuri,MIT,2015-12-21 07:00:44.000,2021-07-09 19:14:08.022,2021-07-09 19:05:04.000,597,70.0,396.0,9649,516.0,2021-07-09 19:14:08.022,0.9.5,22.0,"Infinite responsive, sortable, filterable and draggable layouts.",773.0,729.0,14,27,https://www.npmjs.com/package/muuri,2021-07-09 19:14:08.022,44.0,56939.0,56939.0,True,3,,,,,,,,,,
99,ReactPage,react-page/react-page,editors,@react-page/editor,https://github.com/react-page/react-page,https://github.com/react-page/react-page,MIT,2015-05-29 12:19:44.000,2021-08-11 01:27:36.000,2021-06-22 12:35:33.000,554,15.0,628.0,8581,1154.0,2021-06-21 13:01:32.000,3.2.1,253.0,"Next-gen, highly customizable content editor for the browser - based on React and written in TypeScript. WYSIWYG on..",60.0,60.0,52,27,https://www.npmjs.com/package/@react-page/editor,2021-06-21 13:01:12.179,0.0,4564.0,4564.0,True,3,,,,,,,,,,
100,React-Datasheet,nadbm/react-datasheet,data-tables,react-datasheet,https://github.com/nadbm/react-datasheet,https://github.com/nadbm/react-datasheet,MIT,2016-09-25 19:18:17.000,2021-08-10 22:48:06.000,2021-08-05 02:48:08.000,456,116.0,97.0,4734,277.0,2021-02-14 04:56:00.552,1.4.9,46.0,Excel-like data grid (table) component for React.,620.0,560.0,44,27,https://www.npmjs.com/package/react-datasheet,2021-02-14 04:56:00.552,60.0,124246.0,124246.0,True,3,,,,,,,,,,
101,carbon,carbon-design-system/carbon,ui-frameworks,carbon-components-react,https://github.com/carbon-design-system/carbon,https://github.com/carbon-design-system/carbon,Apache-2.0,2017-03-13 14:23:59.000,2021-08-12 17:50:09.000,2021-08-12 16:08:48.000,1075,448.0,4523.0,4535,,2021-08-05 23:49:58.000,10.41.0,938.0,A design system built by IBM.,350.0,30.0,345,27,https://www.npmjs.com/package/carbon-components-react,2021-08-05 23:49:46.305,320.0,185009.0,185073.0,True,3,,,,1425.0,,,,,,
102,react-refetch,heroku/react-refetch,data-fetching,react-refetch,https://github.com/heroku/react-refetch,https://github.com/heroku/react-refetch,MIT,2015-11-11 21:02:02.000,2021-08-11 14:37:43.000,2021-04-05 23:58:04.000,151,37.0,102.0,3404,638.0,2019-10-28 22:11:40.841,3.0.1,82.0,"A simple, declarative, and composable way to fetch data for React components.",1047.0,733.0,70,27,https://www.npmjs.com/package/react-refetch,2020-01-20 05:17:56.980,314.0,31801.0,31801.0,True,3,,,,,,,,,,
103,react-digraph,uber/react-digraph,editors,react-digraph,https://github.com/uber/react-digraph,https://github.com/uber/react-digraph,MIT,2016-11-11 07:43:00.000,2021-06-09 06:37:33.000,2021-05-28 22:17:49.000,243,73.0,98.0,2163,455.0,2021-05-28 22:22:04.000,8.0.0-beta.7,95.0,A library for creating directed graph editors.,268.0,236.0,44,27,https://www.npmjs.com/package/react-digraph,2021-05-28 22:58:26.271,32.0,30002.0,30002.0,True,3,,,,,,,,,,
104,tabler-react,tabler/tabler-react,ui-frameworks,tabler-react,https://github.com/tabler/tabler-react,https://github.com/tabler/tabler-react,MIT,2018-04-12 21:32:09.000,2021-08-11 01:58:14.000,2021-03-07 23:12:06.000,426,58.0,147.0,1760,1363.0,2019-06-04 21:54:09.577,1.30.1,66.0,React components and demo for the Tabler UI theme.,630.0,588.0,34,27,https://www.npmjs.com/package/tabler-react,2019-06-30 13:10:01.077,42.0,9117.0,9117.0,True,3,,,,,,,,,,
105,fullcalendar-react,fullcalendar/fullcalendar-react,other-components,@fullcalendar/react,https://github.com/fullcalendar/fullcalendar-react,https://github.com/fullcalendar/fullcalendar-react,MIT,2018-12-03 21:32:44.000,2021-07-28 16:44:43.000,2021-07-28 12:31:08.000,55,21.0,117.0,973,182.0,2021-07-28 16:40:04.357,5.9.0,24.0,An official React component for FullCalendar.,5632.0,5512.0,3,27,https://www.npmjs.com/package/@fullcalendar/react,2021-07-28 16:40:04.357,120.0,307441.0,307441.0,True,3,,,,,,,,,,
106,React ApexCharts,apexcharts/react-apexcharts,data-viz,react-apexcharts,https://github.com/apexcharts/react-apexcharts,https://github.com/apexcharts/react-apexcharts,MIT,2018-08-20 13:36:46.000,2021-08-11 20:16:17.000,2021-06-10 12:01:22.000,76,117.0,135.0,785,159.0,2021-04-11 17:44:40.019,1.3.8,24.0,React Component for ApexCharts.,14180.0,13892.0,17,27,https://www.npmjs.com/package/react-apexcharts,2021-04-12 12:08:42.212,288.0,402528.0,402528.0,True,3,,,https://apexcharts.com/react-chart-demos/,,,,,,,
107,material-ui-chip-input,TeamWertarbyte/material-ui-chip-input,other-components,material-ui-chip-input,https://github.com/TeamWertarbyte/material-ui-chip-input,https://github.com/TeamWertarbyte/material-ui-chip-input,MIT,2016-09-07 16:47:10.000,2021-04-13 10:30:39.000,2020-09-08 13:18:49.000,179,35.0,232.0,711,305.0,2019-12-01 15:35:30.000,1.1.0,73.0,A chip input field using Material-UI.,4959.0,4133.0,48,27,https://www.npmjs.com/package/material-ui-chip-input,2019-12-01 15:47:13.811,826.0,221155.0,221155.0,True,3,['material-ui'],,https://mui.wertarbyte.com/#material-ui-chip-input,,,,,,,
108,material-ui-dropzone,Yuvaleros/material-ui-dropzone,file-handling,material-ui-dropzone,https://github.com/Yuvaleros/material-ui-dropzone,https://github.com/Yuvaleros/material-ui-dropzone,MIT,2017-10-16 11:50:16.000,2021-08-12 03:45:32.000,2020-10-01 14:00:45.000,164,75.0,128.0,375,427.0,2020-09-20 20:21:49.283,3.5.0,32.0,A Material-UI file upload dropzone.,3489.0,3377.0,48,27,https://www.npmjs.com/package/material-ui-dropzone,2020-09-20 20:21:49.283,112.0,202252.0,202252.0,True,3,['material-ui'],,https://yuvaleros.github.io/material-ui-dropzone/,,,,,,,
109,why-did-you-render,welldone-software/why-did-you-render,dev-tools,why-did-you-render,https://github.com/welldone-software/why-did-you-render,https://github.com/welldone-software/why-did-you-render,MIT,2018-11-10 19:31:09.000,2021-08-10 22:36:47.000,2021-06-13 09:45:59.000,108,12.0,137.0,6861,397.0,2021-06-13 09:49:45.000,6.2.0,79.0,why-did-you-render by Welldone Software monkey patches React to notify you about potentially avoidable re-renders...,3110.0,3110.0,26,26,https://www.npmjs.com/package/why-did-you-render,2020-05-17 14:12:57.191,,1104.0,1104.0,True,3,,,,,,,,,,
110,react-diagrams,projectstorm/react-diagrams,data-viz,@projectstorm/react-diagrams,https://github.com/projectstorm/react-diagrams,https://github.com/projectstorm/react-diagrams,MIT,2016-06-03 09:10:01.000,2021-08-10 00:21:02.000,2021-08-10 00:20:52.000,926,232.0,462.0,6270,833.0,2021-08-10 00:10:06.057,6.6.1,29.0,"a super simple, no-nonsense diagramming library written in react that just works.",161.0,147.0,81,26,https://www.npmjs.com/package/@projectstorm/react-diagrams,2021-08-10 00:10:06.057,14.0,41167.0,41167.0,True,3,,,,,,,,,,
111,searchkit,searchkit/searchkit,other-components,searchkit,https://github.com/searchkit/searchkit,https://github.com/searchkit/searchkit,Apache-2.0,2015-11-19 18:27:43.000,2021-08-11 07:11:11.000,2021-07-28 18:40:23.000,401,13.0,518.0,4243,,2021-07-24 18:08:13.000,3.0.0-canary.41,93.0,GraphQL API & React UI components for Elasticsearch. The easiest way to build a great search experience.,870.0,584.0,51,26,https://www.npmjs.com/package/searchkit,2021-01-13 21:30:25.068,286.0,12179.0,12179.0,True,3,,,,,,,,,,
112,restful-react,contiamo/restful-react,data-fetching,restful-react,https://github.com/contiamo/restful-react,https://github.com/contiamo/restful-react,MIT,2018-06-29 12:52:25.000,2021-08-10 18:41:18.000,2021-07-20 14:20:27.000,99,30.0,125.0,1745,604.0,2021-07-20 14:21:35.000,15.8.0,188.0,"A consistent, declarative way of interacting with RESTful backends, featuring code-generation from Swagger and OpenAPI..",258.0,250.0,47,26,https://www.npmjs.com/package/restful-react,2021-07-20 14:22:15.442,8.0,43563.0,43563.0,True,3,,,,,,,,,,
113,components,primer/components,ui-frameworks,@primer/components,https://github.com/primer/react,https://github.com/primer/react,MIT,2018-02-17 00:09:05.000,2021-08-12 17:54:11.000,2021-08-11 17:23:52.000,177,72.0,335.0,1278,,2021-08-05 20:30:30.000,28.3.2,2892.0,A React implementation of GitHub's Primer Design System.,1135.0,1087.0,73,26,https://www.npmjs.com/package/@primer/components,2021-08-11 17:26:17.891,48.0,53141.0,53141.0,True,3,,,,,primer/react,,,,,
114,react-mde,andrerpena/react-mde,editors,react-mde,https://github.com/andrerpena/react-mde,https://github.com/andrerpena/react-mde,MIT,2016-11-26 18:10:16.000,2021-07-04 22:19:50.000,2021-07-04 22:19:50.000,138,56.0,144.0,1275,765.0,2021-05-04 08:58:15.604,11.5.0,111.0,React Markdown Editor.,138.0,,50,26,https://www.npmjs.com/package/react-mde,2021-05-04 08:58:15.604,138.0,95600.0,95600.0,True,3,,,http://andrerpena.me/react-mde/,,,,,,,
115,rsuite-table,rsuite/rsuite-table,data-tables,rsuite-table,https://github.com/rsuite/rsuite-table,https://github.com/rsuite/rsuite-table,MIT,2016-06-10 16:19:14.000,2021-08-12 11:57:06.198,2021-08-12 11:42:23.000,76,19.0,79.0,432,479.0,2021-05-12 05:36:00.374,3.15.1,168.0,A React table component.,1240.0,1170.0,12,26,https://www.npmjs.com/package/rsuite-table,2021-08-12 11:57:06.198,70.0,74593.0,74593.0,True,3,,,,,,,,,,
116,tabler,tabler/tabler,ui-frameworks,tabler,https://github.com/tabler/tabler,https://github.com/tabler/tabler,MIT,2018-02-01 09:08:59.000,2021-08-08 14:06:05.000,2021-08-08 14:05:51.000,2674,85.0,385.0,23922,362.0,2020-04-20 21:19:30.000,1.0.0-alpha.7,26.0,Tabler is free and open-source HTML Dashboard UI Kit built on Bootstrap.,50.0,46.0,62,25,https://www.npmjs.com/package/tabler,2017-09-11 23:14:32.082,4.0,843.0,843.0,True,3,['bootstrap'],,,,,,,,,
117,Unstated Next,jamiebuilds/unstated-next,state-management,unstated-next,https://github.com/jamiebuilds/unstated-next,https://github.com/jamiebuilds/unstated-next,MIT,2019-05-02 00:44:35.000,2021-08-12 09:22:21.000,2020-05-04 17:55:59.000,121,50.0,27.0,3602,23.0,2019-05-13 23:34:47.580,1.1.0,3.0,200 bytes to never think about React state management libraries ever again.,1733.0,1673.0,11,25,https://www.npmjs.com/package/unstated-next,2019-05-13 23:34:47.580,60.0,160842.0,160842.0,False,3,,,,,,,,,,
118,React Hot Toast,timolins/react-hot-toast,notifications,react-hot-toast,https://github.com/timolins/react-hot-toast,https://github.com/timolins/react-hot-toast,MIT,2020-12-07 22:05:40.000,2021-07-31 11:55:01.000,2021-07-31 11:54:10.000,90,24.0,43.0,3464,,2021-07-31 11:56:04.000,2.1.0,11.0,Smoking hot React Notifications.,2852.0,2852.0,14,25,https://www.npmjs.com/package/react-hot-toast,2021-07-31 11:54:56.694,0.0,203179.0,203179.0,True,3,,,https://react-hot-toast.com/,,,,,,,
119,GGEditor,alibaba/GGEditor,data-viz,gg-editor,https://github.com/alibaba/GGEditor,https://github.com/alibaba/GGEditor,MIT,2018-08-24 05:50:30.000,2020-09-10 10:08:53.000,2020-07-10 10:33:23.000,511,272.0,201.0,3134,405.0,2020-07-10 10:34:08.312,3.1.3,48.0,A visual graph editor based on G6 and React.,2032.0,1928.0,6,25,https://www.npmjs.com/package/gg-editor,2020-07-10 10:34:08.312,104.0,22055.0,22055.0,False,3,,,,,,,,,,
120,React Email Editor,unlayer/react-email-editor,editors,react-email-editor,https://github.com/unlayer/react-email-editor,https://github.com/unlayer/react-email-editor,MIT,2017-10-01 22:44:29.000,2021-08-09 20:10:08.000,2021-06-10 21:35:06.000,449,114.0,84.0,2957,90.0,2021-06-10 21:34:25.605,1.3.0,21.0,Drag-n-Drop Email Editor Component for React.js.,357.0,343.0,5,25,https://www.npmjs.com/package/react-email-editor,2021-06-10 21:34:25.605,14.0,35837.0,35837.0,True,3,,,https://react-email-editor-demo.netlify.app/,,,,,,,
121,Semiotic,nteract/semiotic,data-viz,semiotic,https://github.com/nteract/semiotic,https://github.com/nteract/semiotic,Apache-2.0,2017-03-16 17:46:24.000,2021-03-11 23:25:45.000,2020-12-02 03:45:24.000,135,114.0,397.0,2172,1988.0,2020-12-02 04:27:28.174,1.20.6,198.0,A data visualization framework combining React & D3.,377.0,311.0,24,25,https://www.npmjs.com/package/semiotic,2021-01-05 04:52:46.836,66.0,18442.0,18442.0,True,3,,,https://semiotic.nteract.io/examples,,,,,,,
122,Viser,viserjs/viser,data-viz,viser-react,https://github.com/viserjs/viser,https://github.com/viserjs/viser,MIT,2017-10-27 16:47:46.000,2021-08-12 00:14:25.000,2020-07-30 03:40:48.000,122,115.0,324.0,1494,502.0,2019-12-24 13:03:44.941,2.4.8,65.0,viser is a toolkit fit for data vis engineer. https://viserjs.gitee.io/.,2512.0,2466.0,22,25,https://www.npmjs.com/package/viser-react,2019-12-24 13:03:44.941,46.0,6965.0,6965.0,False,3,,,https://viserjs.github.io/demoHome.html,,,,,,,
123,React Flow Chart,MrBlenny/react-flow-chart,other-components,@mrblenny/react-flow-chart,https://github.com/MrBlenny/react-flow-chart,https://github.com/MrBlenny/react-flow-chart,MIT,2018-11-07 01:34:23.000,2021-08-10 20:30:17.000,2020-06-28 02:55:27.000,265,93.0,103.0,1138,268.0,2020-06-28 02:56:37.000,0.0.14,14.0,"A flexible, stateless, declarative flow chart library for react.",177.0,161.0,29,25,https://www.npmjs.com/package/@mrblenny/react-flow-chart,2020-06-28 02:55:34.091,16.0,18561.0,18561.0,False,3,,,https://mrblenny.github.io/react-flow-chart/index.html?path=/story/state--internal-react-state,,,,,,,
124,React FilePond,pqina/react-filepond,file-handling,react-filepond,https://github.com/pqina/react-filepond,https://github.com/pqina/react-filepond,MIT,2018-03-08 14:52:44.000,2021-07-14 13:49:05.000,2021-07-14 13:49:05.000,61,14.0,159.0,1114,95.0,2021-02-11 12:26:38.817,7.1.1,26.0,A handy FilePond adapter component for React.,2351.0,2157.0,6,25,https://www.npmjs.com/package/react-filepond,2021-02-11 12:26:38.817,194.0,98631.0,98631.0,True,3,,,https://codesandbox.io/s/react-filepond-live-demo-iw9ri,,,,,,,
125,react-simple-code-editor,satya164/react-simple-code-editor,editors,react-simple-code-editor,https://github.com/satya164/react-simple-code-editor,https://github.com/satya164/react-simple-code-editor,MIT,2018-06-21 14:15:50.000,2021-04-06 21:51:05.000,2021-02-03 10:37:47.000,105,35.0,27.0,875,101.0,2020-01-17 14:38:58.265,0.11.0,35.0,Simple no-frills code editor with syntax highlighting.,6719.0,5119.0,10,25,https://www.npmjs.com/package/react-simple-code-editor,2020-01-17 14:38:58.265,1600.0,907640.0,907640.0,True,3,,,,,,,,,,
126,Storybook Addon Material-UI,react-theming/storybook-addon-material-ui,dev-tools,storybook-addon-material-ui,https://github.com/react-theming/storybook-addon-material-ui,https://github.com/react-theming/storybook-addon-material-ui,MIT,2016-09-13 08:30:16.000,2021-04-09 14:33:27.000,2021-03-25 21:33:47.000,113,14.0,63.0,536,176.0,2020-01-04 17:03:56.000,0.9.0-alpha.21,56.0,Addon for storybook wich wrap material-ui components into MuiThemeProvider. This helps and simplifies development of..,989.0,821.0,40,25,https://www.npmjs.com/package/storybook-addon-material-ui,2021-02-20 19:36:07.318,168.0,147738.0,147738.0,True,3,['material-ui'],,,,,,,,,
127,Reactotron,infinitered/reactotron,dev-tools,,https://github.com/infinitered/reactotron,https://github.com/infinitered/reactotron,MIT,2016-04-15 21:58:32.000,2021-06-25 19:11:46.000,2021-06-25 19:11:45.000,827,122.0,375.0,13095,1256.0,2019-08-28 01:19:24.000,2.17.1,100.0,"A desktop app for inspecting your React JS and React Native projects. macOS, Linux, and Windows.",,,103,24,,,,,26493.0,True,3,,,,1695589.0,,,,,,
128,dnd-kit,clauderic/dnd-kit,other-components,@dnd-kit/core,https://github.com/clauderic/dnd-kit,https://github.com/clauderic/dnd-kit,MIT,2020-11-26 00:46:52.000,2021-08-10 17:02:21.000,2021-07-27 18:37:45.000,93,71.0,155.0,2653,259.0,2021-06-17 17:16:18.000,@dnd-kit/core@3.1.1,53.0,"A modern, lightweight, performant, accessible and extensible drag & drop toolkit for React.",95.0,95.0,20,24,https://www.npmjs.com/package/@dnd-kit/core,2021-07-27 18:42:49.441,0.0,164204.0,164204.0,True,3,,,,,,,,,,
129,atomize,proksh/atomize,ui-frameworks,atomize,https://github.com/proksh/atomize,https://github.com/proksh/atomize,MIT,2019-07-03 12:28:04.000,2021-06-14 08:09:10.456,2021-06-11 09:35:11.000,166,22.0,20.0,1248,53.0,2021-06-14 08:09:10.456,1.0.28,25.0,Design System for developers build on styled-components & React JS.,338.0,326.0,11,24,https://www.npmjs.com/package/atomize,2021-06-14 08:09:10.456,12.0,4292.0,4292.0,True,3,,,,,,,,,,
130,react-pivottable,plotly/react-pivottable,data-tables,react-pivottable,https://github.com/plotly/react-pivottable,https://github.com/plotly/react-pivottable,MIT,2017-08-14 18:36:06.000,2021-06-24 11:25:16.000,2020-11-19 15:02:35.000,186,68.0,43.0,774,110.0,2020-11-19 15:06:48.000,0.11.0,24.0,React-based drag'n'drop pivot table with Plotly.js charts.,322.0,286.0,10,24,https://www.npmjs.com/package/react-pivottable,2020-11-19 15:04:38.247,36.0,61620.0,61620.0,True,3,,,https://react-pivottable.js.org/,,,,,,,
131,react-markdown-editor-lite,HarryChen0506/react-markdown-editor-lite,editors,react-markdown-editor-lite,https://github.com/HarryChen0506/react-markdown-editor-lite,https://github.com/HarryChen0506/react-markdown-editor-lite,MIT,2019-01-21 03:56:31.000,2021-08-11 22:30:29.000,2021-07-05 02:36:48.000,116,20.0,116.0,621,469.0,2021-07-05 02:42:39.000,1.3.0,46.0,a light-weight Markdown editor based on React. Reactmarkdown.,853.0,835.0,18,24,https://www.npmjs.com/package/react-markdown-editor-lite,2021-07-05 02:40:08.787,18.0,33189.0,33189.0,True,3,,,,,,,,,,
132,Supabase UI,supabase/ui,ui-frameworks,@supabase/ui,https://github.com/supabase/ui,https://github.com/supabase/ui,MIT,2020-12-11 10:41:08.000,2021-08-12 17:16:22.000,2021-08-10 09:13:18.000,69,26.0,98.0,620,643.0,2021-08-10 09:17:17.000,0.32.1,101.0,Supabase UI Library.,348.0,348.0,31,24,https://www.npmjs.com/package/@supabase/ui,2020-12-23 10:07:30.739,,5048.0,5048.0,True,3,,,,,,,,,,
133,react-file-viewer,plangrid/react-file-viewer,file-handling,react-file-viewer,https://github.com/plangrid/react-file-viewer,https://github.com/plangrid/react-file-viewer,MIT,2017-05-16 04:05:21.000,2021-08-10 21:27:25.000,2019-11-13 20:16:39.000,197,115.0,12.0,312,118.0,2019-11-13 20:16:45.447,1.2.1,74.0,Extendable file viewer for web.,885.0,851.0,12,24,https://www.npmjs.com/package/react-file-viewer,2019-11-13 20:16:45.447,34.0,55693.0,55693.0,False,3,,,,,,,,,,
134,elastic-charts,elastic/elastic-charts,data-viz,@elastic/charts,https://github.com/elastic/elastic-charts,https://github.com/elastic/elastic-charts,Apache-2.0,2019-01-14 11:49:41.000,2021-08-12 17:02:16.000,2021-08-11 17:17:23.000,78,211.0,401.0,224,918.0,2021-08-10 16:35:47.213,33.2.2,255.0,Elastic Charts library.,159.0,153.0,28,24,https://www.npmjs.com/package/@elastic/charts,2021-08-10 16:35:47.213,6.0,34577.0,34577.0,True,3,,,,,,,,,,
135,React Lazylog,mozilla-frontend-infra/react-lazylog,other-components,react-lazylog,https://github.com/mozilla-frontend-infra/react-lazylog,https://github.com/mozilla-frontend-infra/react-lazylog,MPL-2.0,2017-04-27 16:46:34.000,2021-08-10 22:52:39.000,2020-07-23 15:46:22.000,75,54.0,23.0,214,159.0,2020-07-23 15:47:23.944,4.5.3,49.0,React Lazy Logviewer.,306.0,264.0,15,24,https://www.npmjs.com/package/react-lazylog,2020-07-23 15:47:23.944,42.0,81302.0,81302.0,False,3,,,https://mozilla-frontend-infra.github.io/react-lazylog/#lazylog,,,,,,,
136,Tauri,tauri-apps/tauri,desktop-apps,tauri,https://github.com/tauri-apps/tauri,https://github.com/tauri-apps/tauri,MIT,2019-07-13 09:09:37.000,2021-08-12 17:27:00.000,2021-08-12 17:22:08.000,431,77.0,535.0,19345,,2021-07-16 14:21:59.000,create-tauri-app-v1.0.0-beta.3,100.0,"Build smaller, faster, and more secure desktop applications with a web frontend.",259.0,255.0,92,23,https://www.npmjs.com/package/tauri,2021-01-24 12:41:34.564,4.0,818.0,1027.0,True,3,,,,2719.0,,,,,,
137,RevoGrid,revolist/revogrid,data-tables,@revolist/revogrid,https://github.com/revolist/revogrid,https://github.com/revolist/revogrid,MIT,2020-05-04 21:23:09.000,2021-08-11 19:12:12.069,2021-07-23 11:56:41.000,76,40.0,101.0,1707,607.0,2021-07-23 11:59:23.930,3.0.97,178.0,Powerful virtual data grid smartsheet with advanced customization. Best features from excel plus incredible performance.,50.0,50.0,9,23,https://www.npmjs.com/package/@revolist/revogrid,2021-08-11 19:12:12.069,0.0,6646.0,6646.0,True,3,,,,,,,,,,
138,Reaviz,reaviz/reaviz,data-viz,reaviz,https://github.com/reaviz/reaviz,https://github.com/reaviz/reaviz,Apache-2.0,2020-04-17 21:17:18.000,2021-08-09 19:31:50.000,2021-08-09 19:29:55.000,60,15.0,7.0,1122,307.0,2021-06-18 11:51:01.755,10.3.0,235.0,Data visualization library for React based on D3.,168.0,162.0,8,23,https://www.npmjs.com/package/reaviz,2021-08-09 19:27:10.713,6.0,6378.0,6378.0,True,3,,,,,,,,,,
139,CodeFlask,kazzkiq/CodeFlask,editors,codeflask,https://github.com/kazzkiq/CodeFlask,https://github.com/kazzkiq/CodeFlask,MIT,2015-08-15 19:58:05.000,2020-11-08 20:58:12.000,2020-06-05 16:46:21.000,93,24.0,61.0,862,190.0,2019-05-13 00:11:15.298,1.4.1,17.0,A micro code-editor for awesome web pages.,409.0,315.0,28,23,https://www.npmjs.com/package/codeflask,2019-05-13 00:11:15.298,94.0,26080.0,26080.0,False,3,,,,,,,,,,
140,React Spreadsheet,iddan/react-spreadsheet,data-tables,react-spreadsheet,https://github.com/iddan/react-spreadsheet,https://github.com/iddan/react-spreadsheet,MIT,2018-02-18 17:12:32.000,2021-08-12 16:48:26.000,2021-08-12 16:48:17.000,38,22.0,50.0,468,543.0,2021-07-26 15:32:39.572,0.5.6,42.0,"Simple, customizable yet performant spreadsheet for React.",154.0,148.0,17,23,https://www.npmjs.com/package/react-spreadsheet,2021-07-26 15:32:39.572,6.0,24716.0,24716.0,True,3,,,https://iddan.github.io/react-spreadsheet,,,,,,,
141,headlessui,tailwindlabs/headlessui,ui-frameworks,headlessui,https://github.com/tailwindlabs/headlessui,https://github.com/tailwindlabs/headlessui,MIT,2020-09-16 09:53:09.000,2021-08-02 12:42:05.000,2021-07-29 10:56:11.000,329,52.0,245.0,10314,,2021-07-29 13:31:52.000,@headlessui/vue@v1.4.0,25.0,"Completely unstyled, fully accessible UI components, designed to integrate beautifully with Tailwind CSS.",42.0,42.0,23,22,https://www.npmjs.com/package/headlessui,2020-09-13 00:34:17.623,,1169.0,1169.0,True,3,,,,,,,,,,
142,React Flow,wbkd/react-flow,other-components,react-flow-renderer,https://github.com/wbkd/react-flow,https://github.com/wbkd/react-flow,MIT,2019-07-15 14:47:30.000,2021-08-10 14:55:07.000,2021-07-26 11:45:02.000,351,65.0,556.0,7177,,2021-07-26 11:45:08.000,9.6.6,153.0,"Highly customizable library for building interactive node-based UIs, editors, flow charts and diagrams.",0.0,,36,22,https://www.npmjs.com/package/react-flow-renderer,2021-07-26 11:44:59.598,0.0,165409.0,165409.0,True,3,,,https://reactflow.dev/examples/,,,,,,,
143,styletron,styletron/styletron,styling,styletron,https://github.com/styletron/styletron,https://github.com/styletron/styletron,MIT,2016-04-01 00:00:06.000,2021-08-10 23:11:18.000,2021-06-01 19:21:49.000,124,32.0,147.0,3182,530.0,2019-05-03 17:11:41.000,styletron-react@5.0.0,38.0,Toolkit for component-oriented styling.,190.0,124.0,36,22,https://www.npmjs.com/package/styletron,2018-01-17 22:16:05.111,66.0,5529.0,5529.0,True,3,,,,,,,,,,
144,Material-UI Treasury,siriwatknp/mui-treasury,other-components,@mui-treasury/components,https://github.com/siriwatknp/mui-treasury,https://github.com/siriwatknp/mui-treasury,MIT,2019-03-11 16:21:23.000,2021-08-11 19:39:40.000,2021-06-18 17:07:27.000,116,51.0,230.0,1664,747.0,2021-02-03 01:12:27.460,1.10.1,53.0,A collection of ready-to-use components based on Material-UI.,27.0,27.0,18,22,https://www.npmjs.com/package/@mui-treasury/components,2021-06-18 16:46:52.506,0.0,10454.0,10454.0,True,3,['material-ui'],,https://mui-treasury.com/components/,,,,,,,
145,Drawflow,jerosoler/Drawflow,data-viz,drawflow,https://github.com/jerosoler/Drawflow,https://github.com/jerosoler/Drawflow,MIT,2020-04-21 17:59:14.000,2021-08-04 16:33:04.602,2021-08-04 16:30:43.000,198,22.0,180.0,1017,187.0,2021-08-04 16:33:04.602,0.0.48,46.0,Simple flow library.,31.0,31.0,7,22,https://www.npmjs.com/package/drawflow,2021-08-04 16:33:04.602,0.0,5539.0,5539.0,True,3,,,,,,,,,,
146,react-lz-editor,leejaen/react-lz-editor,editors,react-lz-editor,https://github.com/leejaen/react-lz-editor,https://github.com/leejaen/react-lz-editor,MIT,2016-12-27 06:32:40.000,2021-08-10 23:34:02.000,2019-10-18 03:45:52.000,156,96.0,80.0,913,183.0,2018-03-31 07:30:24.605,0.12.1,60.0,"A multilingual react rich-text editor component includes media support such as texts, images, videos, audios, links..",451.0,375.0,14,22,https://www.npmjs.com/package/react-lz-editor,2018-03-31 07:30:24.605,76.0,1049.0,1049.0,False,3,,,,,,,,,,
147,React-Data-Export,securedeveloper/react-data-export,file-handling,react-data-export,https://github.com/securedeveloper/react-data-export,https://github.com/securedeveloper/react-data-export,MIT,2017-10-13 20:35:38.000,2021-04-14 13:58:02.000,2020-01-23 21:39:15.000,101,54.0,47.0,150,137.0,2020-01-20 11:33:32.229,0.6.0,13.0,Export dataset in react.,888.0,848.0,13,22,https://www.npmjs.com/package/react-data-export,2020-01-20 11:33:32.229,40.0,38545.0,38545.0,False,3,,,,,,,,,,
148,mozaik,plouc/mozaik,others,,https://github.com/plouc/mozaik,https://github.com/plouc/mozaik,MIT,2014-12-26 03:18:38.000,2021-08-11 01:13:54.000,2019-05-28 02:07:43.000,367,86.0,90.0,3526,520.0,2016-04-14 11:53:39.000,1.4.4,16.0,Mozak is a tool based on nodejs / react / redux / nivo / d3 to easily craft beautiful dashboards.,51.0,51.0,31,21,,,,,,False,3,,,,,,,,,,
149,codejar,antonmedv/codejar,editors,codejar,https://github.com/antonmedv/codejar,https://github.com/antonmedv/codejar,MIT,2020-03-31 13:01:35.000,2021-06-26 11:24:20.000,2021-06-26 11:24:15.000,71,10.0,34.0,940,81.0,2021-06-26 11:24:23.000,3.5.0,12.0,An embeddable code editor for the browser.,119.0,119.0,17,21,https://www.npmjs.com/package/codejar,2021-06-26 11:24:10.978,0.0,5823.0,5823.0,True,3,,,,,,,,,,
150,Monaco Yaml,pengx17/monaco-yaml,editors,monaco-yaml,https://github.com/remcohaszing/monaco-yaml,https://github.com/remcohaszing/monaco-yaml,MIT,2018-02-26 06:08:04.000,2021-08-10 08:01:10.903,2021-08-10 07:57:35.000,31,13.0,23.0,81,,2021-08-10 08:01:10.903,3.0.1,14.0,YAML plugin for the Monaco Editor.,76.0,76.0,16,21,https://www.npmjs.com/package/monaco-yaml,2021-08-10 08:01:10.903,0.0,205356.0,205356.0,False,3,,,,,remcohaszing/monaco-yaml,,,,,
151,ReactPivot,davidguttman/react-pivot,data-tables,react-pivot,https://github.com/davidguttman/react-pivot,https://github.com/davidguttman/react-pivot,MIT,2015-02-28 00:29:35.000,2021-05-12 02:23:10.000,2020-06-17 22:37:49.000,141,36.0,23.0,991,171.0,2020-06-17 22:38:08.272,4.4.0,49.0,"React-Pivot is a data-grid component with pivot-table-like functionality for data display, filtering, and exploration.",185.0,137.0,20,20,https://www.npmjs.com/package/react-pivot,2020-06-17 22:38:08.272,48.0,2445.0,2445.0,False,3,,,http://davidguttman.github.io/react-pivot/,,,,,,,
152,atomic-layout,kettanaito/atomic-layout,others,atomic-layout,https://github.com/kettanaito/atomic-layout,https://github.com/kettanaito/atomic-layout,MIT,2018-05-09 15:52:48.000,2021-08-11 11:26:23.000,2021-08-04 13:21:42.000,26,23.0,159.0,968,685.0,2020-08-06 08:19:55.000,atomic-layout@0.16.2,65.0,Physical representation of layout composition to create declarative responsive layouts in React.,78.0,76.0,14,20,https://www.npmjs.com/package/atomic-layout,2020-08-06 08:18:56.996,2.0,3236.0,3236.0,True,3,,,,,,,,,,
153,react-design-editor,salgum1114/react-design-editor,editors,react-design-editor,https://github.com/salgum1114/react-design-editor,https://github.com/salgum1114/react-design-editor,MIT,2018-06-26 01:03:54.000,2021-08-02 08:58:52.000,2021-05-01 06:48:01.000,213,42.0,114.0,794,424.0,2021-05-01 06:55:33.892,0.0.34,34.0,"React Design Editor has started to developed direct manipulation of editable design tools like Powerpoint, We've..",7.0,5.0,3,20,https://www.npmjs.com/package/react-design-editor,2021-05-01 06:55:33.892,2.0,510.0,510.0,True,3,,,,,,,,,,
154,shards-react,designrevision/shards-react,ui-frameworks,shards-react,https://github.com/DesignRevision/shards-react,https://github.com/DesignRevision/shards-react,MIT,2018-12-27 17:50:22.000,2021-08-10 21:10:25.000,2019-02-25 18:54:18.000,68,31.0,8.0,676,9.0,2019-02-25 18:54:46.150,1.0.3,9.0,A beautiful and modern React design system.,2943.0,2803.0,1,20,https://www.npmjs.com/package/shards-react,2019-02-25 18:54:46.150,140.0,7256.0,7256.0,False,3,,,,,,,,,,
155,React Dashboard,flatlogic/react-dashboard,admin-dashboards,,https://github.com/flatlogic/react-dashboard,https://github.com/flatlogic/react-dashboard,MIT,2016-02-02 14:08:02.000,2021-08-11 00:38:50.000,2021-02-18 16:53:02.000,302,9.0,9.0,1328,1028.0,2020-10-07 10:43:47.000,1.4.0,5.0,"React Dashboard - isomorphic admin dashboard template (React.js, Bootstrap, Node.js, GraphQL, React Router, Babel,..",,,152,19,,,,,,True,2,['bootstrap'],,https://flatlogic.com/templates/react-dashboard/demo,,,,,,,
156,iconify,iconify/iconify,others,iconify,https://github.com/iconify/iconify,https://github.com/iconify/iconify,Apache-2.0,2017-02-22 15:23:59.000,2021-08-09 06:22:30.000,2021-08-09 06:22:08.000,24,8.0,56.0,644,215.0,2020-05-17 01:07:13.697,1.3.0,12.0,"Universal icon framework. One syntax for FontAwesome, Material Design Icons, DashIcons, Feather Icons, EmojiOne, Noto..",38.0,36.0,3,19,https://www.npmjs.com/package/iconify,2020-05-17 01:07:13.697,2.0,1009.0,1009.0,True,3,,,,,,,,,,
157,coreui-free-bootstrap-admin-template,coreui/coreui-free-bootstrap-admin-template,admin-dashboards,,https://github.com/coreui/coreui-free-bootstrap-admin-template,https://github.com/coreui/coreui-free-bootstrap-admin-template,MIT,2016-08-04 12:30:57.000,2021-07-05 15:45:38.000,2021-07-05 15:44:01.000,2891,21.0,444.0,10893,,2021-07-05 15:45:38.000,4.0.1,34.0,CoreUI is free bootstrap admin template.,,,26,18,,,,,1.0,True,2,,,,48.0,,,,,,
158,Remotion,remotion-dev/remotion,others,,https://github.com/remotion-dev/remotion,https://github.com/remotion-dev/remotion,,2020-06-23 19:49:10.000,2021-08-12 13:34:08.000,2021-08-11 15:52:44.000,296,41.0,205.0,8072,,2021-08-11 15:48:17.000,2.3.0,37.0,Create videos programmatically in React.,157.0,157.0,62,18,,,,,,False,3,,,,,,,,,,
159,Radix Primitives,radix-ui/primitives,ui-frameworks,@radix-ui/utils,https://github.com/radix-ui/primitives,https://github.com/radix-ui/primitives,MIT,2020-06-19 13:23:22.000,2021-08-12 15:45:45.000,2021-08-12 15:25:56.000,38,55.0,157.0,1276,,2021-01-27 10:06:42.425,0.0.3,3.0,"An open-source UI component library for building high-quality, accessible design systems and web apps. Maintained by..",2.0,2.0,10,18,https://www.npmjs.com/package/@radix-ui/utils,2021-01-27 10:06:42.425,0.0,12797.0,12797.0,True,3,,,,,,,,,,
160,dashboard-ui-kit,march08/dashboard-ui-kit,ui-frameworks,@duik/it,https://github.com/march08/dashboard-ui-kit,https://github.com/march08/dashboard-ui-kit,MIT,2019-02-27 06:58:38.000,2021-08-11 11:36:19.000,2020-05-19 14:07:37.000,25,18.0,10.0,176,202.0,2020-05-14 18:39:21.000,0.6.0,36.0,React UI components for rapid development.,23.0,22.0,1,18,https://www.npmjs.com/package/@duik/it,2020-05-14 18:31:07.948,1.0,958.0,958.0,False,3,,,,,,,,,,
161,orb,nnajm/orb,data-tables,orb,https://github.com/nnajm/orb,https://github.com/nnajm/orb,MIT,2014-11-11 13:09:07.000,2020-12-30 22:32:47.000,2020-12-30 22:32:47.000,161,72.0,23.0,523,78.0,2015-06-29 00:03:49.124,1.0.9,9.0,Pivot table javascript library.,21.0,17.0,2,17,https://www.npmjs.com/package/orb,2015-06-29 00:03:49.124,4.0,221.0,221.0,True,3,,,https://nnajm.github.io/orb/,,,,,,,
162,glide-data-grid,glideapps/glide-data-grid,data-tables,@glideapps/glide-data-grid,https://github.com/glideapps/glide-data-grid,https://github.com/glideapps/glide-data-grid,MIT,2020-10-28 04:19:29.000,2021-08-09 13:43:26.000,2021-07-18 23:05:16.000,43,11.0,18.0,519,,2021-07-18 23:05:56.315,2.2.4,61.0,"A high-performance React grid component, with rich rendering and first-class TypeScript support.",9.0,9.0,12,17,https://www.npmjs.com/package/@glideapps/glide-data-grid,2021-07-18 23:05:56.315,,984.0,984.0,True,3,,,,,,,,,,
163,react-nice-avatar,chilllab/react-nice-avatar,other-components,react-nice-avatar,https://github.com/dapilab/react-nice-avatar,https://github.com/dapilab/react-nice-avatar,MIT,2021-05-29 15:41:45.000,2021-08-05 11:26:07.000,2021-08-05 11:26:07.000,32,,6.0,480,,2021-07-24 13:55:00.577,1.2.2,14.0,react library for generating avatar.,16.0,16.0,8,17,https://www.npmjs.com/package/react-nice-avatar,2021-07-24 13:55:00.577,,1032.0,1032.0,True,3,,,,,dapilab/react-nice-avatar,,,,,
164,reactdatagrid,inovua/reactdatagrid,data-tables,@inovua/reactdatagrid-community,https://github.com/inovua/reactdatagrid,https://github.com/inovua/reactdatagrid,MIT,2020-10-07 13:47:44.000,2021-08-12 13:24:19.000,2021-08-12 13:24:11.000,12,26.0,97.0,175,282.0,2021-07-15 07:36:00.000,4.1.24,70.0,Empower Your Data with the best React Data Grid there is.,0.0,,1,17,https://www.npmjs.com/package/@inovua/reactdatagrid-community,2021-07-15 07:34:47.101,0.0,6655.0,6655.0,True,3,,,https://reactdatagrid.io/demo,,,,,,,
165,React SaaS Template,dunky11/react-saas-template,admin-dashboards,,https://github.com/dunky11/react-saas-template,https://github.com/dunky11/react-saas-template,MIT,2020-01-30 23:38:23.000,2021-08-12 04:27:09.000,2021-08-08 09:30:48.000,272,,9.0,1180,1242.0,,,,Template for building an SaaS / admin website using React + Material-UI.,,,8,16,,,,,,True,3,,,https://reactsaastemplate.com/,,,,,,,
166,React Material Admin,flatlogic/react-material-admin,admin-dashboards,,https://github.com/flatlogic/react-material-admin,https://github.com/flatlogic/react-material-admin,MIT,2019-04-24 12:47:06.000,2021-08-10 23:48:22.000,2021-04-13 09:36:57.000,392,11.0,19.0,1140,78.0,2021-02-02 10:54:17.000,1.3.2,8.0,React Material Admin is a React template built with Material-UI.,,,9,16,,,,,,True,3,['material-ui'],,https://flatlogic.com/templates/react-material-admin/demo,,,,,,,
167,Material Kit React,devias-io/material-kit-react,admin-dashboards,,https://github.com/devias-io/material-kit-react,https://github.com/devias-io/material-kit-react,MIT,2019-05-02 15:25:39.000,2021-08-04 03:12:56.000,2021-04-18 07:25:48.000,1210,14.0,16.0,3195,,2019-07-29 07:50:25.000,1.0.0,1.0,"React Dashboard made with Material UIs components. Our pro template contains features like TypeScript version,..",,,8,15,,,,,,True,3,['material-ui'],,https://react-material-dashboard.devias.io/app/dashboard,,,,,,,
168,datav,datav-io/datav,others,,https://github.com/datav-io/datav,https://github.com/datav-io/datav,Apache-2.0,2017-09-28 03:36:52.000,2021-08-06 02:31:58.000,2021-08-06 02:30:25.000,461,21.0,5.0,2654,338.0,,,,"Modern apm for metrics,traces and logs. Datav has fully native support for @open-telemetry, is an open-source..",,,5,15,,,,,,True,3,,,,,,,,,,
169,Luna,rvpanoz/luna,dev-tools,,https://github.com/rvpanoz/luna,https://github.com/rvpanoz/luna,GPL-3.0,2017-09-18 22:22:06.000,2020-11-01 09:43:41.000,2020-10-31 22:27:04.000,41,9.0,84.0,968,1491.0,2020-10-29 23:06:39.000,.3.4.6,26.0,Manage npm dependencies through a modern UI.,,,10,15,,,,,168.0,True,3,,,,7604.0,,,,,,
170,React Ansi,RaoHai/react-ansi,other-components,react-ansi,https://github.com/RaoHai/react-ansi,https://github.com/RaoHai/react-ansi,MIT,2019-05-29 15:39:22.000,2021-07-29 21:24:11.000,2020-12-17 09:06:28.000,4,4.0,2.0,17,115.0,2020-12-17 09:09:03.463,2.1.4,23.0,A foldable and searchable ansi log viewer for React.,11.0,11.0,4,15,https://www.npmjs.com/package/react-ansi,2020-12-17 09:09:03.463,,603.0,603.0,False,3,,,,,,,,,,
171,Volt React Dashboard,themesberg/volt-react-dashboard,admin-dashboards,,https://github.com/themesberg/volt-react-dashboard,https://github.com/themesberg/volt-react-dashboard,MIT,2021-01-20 16:17:34.000,2021-07-26 11:03:59.000,2021-07-26 11:03:54.000,111,1.0,3.0,387,46.0,2021-01-22 09:58:07.000,1.0.0,1.0,Free and open source React.js admin dashboard template and UI library based on Bootstrap 5.,1.0,1.0,3,13,,,,,,True,3,['bootstrap'],,https://demo.themesberg.com/volt-react-dashboard/,,,,,,,
172,Notus React,creativetimofficial/notus-react,admin-dashboards,,https://github.com/creativetimofficial/notus-react,https://github.com/creativetimofficial/notus-react,MIT,2020-09-01 07:23:16.000,2021-03-19 12:58:05.000,2021-03-19 12:57:49.000,88,,3.0,367,,2021-03-19 12:58:05.000,1.1.0,2.0,Notus React: Free Tailwind CSS UI Kit and Admin.,,,2,12,,,,,,True,3,,,https://demos.creative-tim.com/notus-react/,,,,,,,
173,matx-react,uilibrary/matx-react,admin-dashboards,,https://github.com/uilibrary/matx-react,https://github.com/uilibrary/matx-react,MIT,2020-01-16 10:56:54.000,2021-07-05 07:48:40.000,2021-07-05 07:45:12.000,184,2.0,10.0,479,18.0,,,,Matx React Redux Material Design Admin Dashboard Template.,,,2,11,,,,,,True,3,,,,,,,,,,
174,Material-UI Theme Creator,bareynol/mui-theme-creator,dev-tools,,https://github.com/bareynol/mui-theme-creator,https://github.com/bareynol/mui-theme-creator,0BSD,2020-08-25 14:51:49.000,2020-08-27 18:19:42.000,2020-08-27 18:08:37.000,19,6.0,2.0,92,102.0,,,,A tool to help design and customize themes for the Material-UI component library. Includes basic site templates to..,,,1,7,,,,,,False,3,['material-ui'],,https://bareynol.github.io/mui-theme-creator/,,,,,,,
